{
  "camera_angle_x": 1.2745048581079241,
  "camera_angle_y": 1.0692498181406782,
  "fl_x": 864.5355754131315,
  "fl_y": 864.6507871016478,
  "k1": -0.08851361157151216,
  "k2": 0.08212849386444894,
  "p1": -0.0005560671161754965,
  "p2": 9.555530676321161e-05,
  "cx": 639.8589662500945,
  "cy": 515.8136700497489,
  "w": 1280.0,
  "h": 1024.0,
  "aabb_scale": 16,
  "frames": [
    {
      "file_path": "./../export/hku_park_00/images/frame1493.jpg",
      "sharpness": 128.38035811874485,
      "transform_matrix": [
        [
          -0.4030968909156905,
          -0.007115683791677422,
          0.915129643044999,
          3.5317652335409195
        ],
        [
          0.9101529207774331,
          0.10131522003575742,
          0.4016925279233033,
          3.428226686429229
        ],
        [
          -0.09557487815653,
          0.9948289266173638,
          -0.034363489812529034,
          0.8068614748701122
        ],
        [
          0.0,
          0.0,
          0.0,
          1.0
        ]
      ]
    },
    {
      "file_path": "./../export/hku_park_00/images/frame1491.jpg",
      "sharpness": 130.57931437858787,
      "transform_matrix": [
        [
          -0.3403173304301217,
          -0.06909293649172543,
          0.93776877786438,
          3.5918865756641685
        ],
        [
          0.9364020944994907,
          0.06593423471936721,
          0.3446792626615915,
          3.452096554823954
        ],
        [
          -0.08564596911729622,
          0.9954289742720484,
          0.0422602077023239,
          0.806439130921664
        ],
        [
          0.0,
          0.0,
          0.0,
          1.0
        ]
      ]
    },
    {
      "file_path": "./../export/hku_park_00/images/frame1490.jpg",
      "sharpness": 165.2565582241772,
      "transform_matrix": [
        [
          -0.36752643232980076,
          -0.1069472019714888,
          0.923843394483494,
          3.6270399631321384
        ],
        [
          0.9263074332700851,
          0.04649329633948644,
          0.3738889039060606,
          3.465611150929897
        ],
        [
          -0.08293889683193818,
          0.9931770584278223,
          0.08197847282272361,
          0.8046497644144324
        ],
        [
          0.0,
          0.0,
          0.0,
          1.0
        ]
      ]
    },
    {
      "file_path": "./../export/hku_park_00/images/frame1492.jpg",
      "sharpness": 129.51738281156867,
      "transform_matrix": [
        [
          -0.34652034903279305,
          -0.002069585069054367,
          0.9380401721276226,
          3.557470925193797
        ],
        [
          0.9355928887497706,
          0.07145849121767231,
          0.3457739587559383,
          3.43838169973293
        ],
        [
          -0.06774654402411466,
          0.9974414272787728,
          -0.022825532244834586,
          0.8058437896798175
        ],
        [
          0.0,
          0.0,
          0.0,
          1.0
        ]
      ]
    },
    {
      "file_path": "./../export/hku_park_00/images/frame1487.jpg",
      "sharpness": 107.49871678804921,
      "transform_matrix": [
        [
          -0.380965345511523,
          -0.08813911746364933,
          0.9203786728805712,
          3.7438336377413903
        ],
        [
          0.9228541705155775,
          0.02470839017309489,
          0.38435618300875524,
          3.522551440262249
        ],
        [
          -0.056617890118617016,
          0.9958016827808482,
          0.07192651173756456,
          0.8188855630949798
        ],
        [
          0.0,
          0.0,
          0.0,
          1.0
        ]
      ]
    },
    {
      "file_path": "./../export/hku_park_00/images/frame1486.jpg",
      "sharpness": 130.9086867364099,
      "transform_matrix": [
        [
          -0.3212134645472996,
          -0.0453183702635413,
          0.9459218548651701,
          3.7853674348936317
        ],
        [
          0.9452770397683073,
          0.04500105519647312,
          0.32315046513670714,
          3.543838072097593
        ],
        [
          -0.05721213403223863,
          0.9979584912957276,
          0.02838347004190104,
          0.8185750475341932
        ],
        [
          0.0,
          0.0,
          0.0,
          1.0
        ]
      ]
    },
    {
      "file_path": "./../export/hku_park_00/images/frame1481.jpg",
      "sharpness": 347.99015502005545,
      "transform_matrix": [
        [
          -0.32591731904244237,
          -0.11234243036228359,
          0.9386996748107825,
          3.98233890151787
        ],
        [
          0.9426791727728693,
          0.03663468679815824,
          0.33168339865519425,
          3.6022483378243417
        ],
        [
          -0.07165108769997273,
          0.9929939969933761,
          0.09396299041599589,
          0.826896638126239
        ],
        [
          0.0,
          0.0,
          0.0,
          1.0
        ]
      ]
    },
    {
      "file_path": "./../export/hku_park_00/images/frame1485.jpg",
      "sharpness": 100.25683440147886,
      "transform_matrix": [
        [
          -0.2745275168799482,
          -0.0649463455894638,
          0.9593834554919582,
          3.8210334444855625
        ],
        [
          0.9585873454095211,
          0.06015962104645803,
          0.2783722709184129,
          3.557687973877199
        ],
        [
          -0.07579540683022873,
          0.9960736881333138,
          0.045741273630330696,
          0.8190190986446377
        ],
        [
          0.0,
          0.0,
          0.0,
          1.0
        ]
      ]
    },
    {
      "file_path": "./../export/hku_park_00/images/frame1484.jpg",
      "sharpness": 183.82744596152574,
      "transform_matrix": [
        [
          -0.2593575780048022,
          -0.10846171819277438,
          0.9596716638619381,
          3.8592372211146158
        ],
        [
          0.9624676589193428,
          0.05321677099904329,
          0.26612775281573964,
          3.568198367208409
        ],
        [
          -0.07993530049918869,
          0.9926751890585809,
          0.090588723155821,
          0.8229957564321951
        ],
        [
          0.0,
          0.0,
          0.0,
          1.0
        ]
      ]
    },
    {
      "file_path": "./../export/hku_park_00/images/frame1483.jpg",
      "sharpness": 173.17369378579554,
      "transform_matrix": [
        [
          -0.2833895828591651,
          -0.11774416825979295,
          0.9517492606611809,
          3.9064942390858595
        ],
        [
          0.9564228394556843,
          0.03807691443756385,
          0.28949179738714736,
          3.5800656030509064
        ],
        [
          -0.0703256460655926,
          0.9923136900341085,
          0.1018226108373537,
          0.826941945662011
        ],
        [
          0.0,
          0.0,
          0.0,
          1.0
        ]
      ]
    },
    {
      "file_path": "./../export/hku_park_00/images/frame1479.jpg",
      "sharpness": 293.0496367826964,
      "transform_matrix": [
        [
          -0.2986876317613259,
          -0.1757227846571614,
          0.9380336889400775,
          4.044795188514083
        ],
        [
          0.9503020100001253,
          0.03568056009729611,
          0.30927817158807935,
          3.623142126252147
        ],
        [
          -0.0878167889566475,
          0.9837928646747041,
          0.1563323734671406,
          0.8358880021755442
        ],
        [
          0.0,
          0.0,
          0.0,
          1.0
        ]
      ]
    },
    {
      "file_path": "./../export/hku_park_00/images/frame1478.jpg",
      "sharpness": 250.06045292731793,
      "transform_matrix": [
        [
          -0.2697857568848105,
          -0.12458019941298346,
          0.9548274290664769,
          4.080434335155628
        ],
        [
          0.9588735505750348,
          0.05605687498746613,
          0.27824295278455075,
          3.633760581748111
        ],
        [
          -0.08818820436893986,
          0.9906247527102495,
          0.10433331169538264,
          0.8361809826289818
        ],
        [
          0.0,
          0.0,
          0.0,
          1.0
        ]
      ]
    },
    {
      "file_path": "./../export/hku_park_00/images/frame1480.jpg",
      "sharpness": 133.58957748357165,
      "transform_matrix": [
        [
          -0.31541919784819145,
          -0.13175412350397211,
          0.9397614487570184,
          4.009750791846542
        ],
        [
          0.944923751875024,
          0.04754880445073836,
          0.3238181809870063,
          3.6117000425302765
        ],
        [
          -0.08734891396788366,
          0.9901413849225721,
          0.10949979494788624,
          0.8323511559839492
        ],
        [
          0.0,
          0.0,
          0.0,
          1.0
        ]
      ]
    },
    {
      "file_path": "./../export/hku_park_00/images/frame1482.jpg",
      "sharpness": 107.06469955336703,
      "transform_matrix": [
        [
          -0.3185180209865032,
          -0.103524993531798,
          0.9422467012531639,
          3.9444038428183017
        ],
        [
          0.9460573497384166,
          0.02751249848162531,
          0.3228289848096384,
          3.5897474997802816
        ],
        [
          -0.059344429501838866,
          0.9942462663459821,
          0.08917735444361811,
          0.8250190338035096
        ],
        [
          0.0,
          0.0,
          0.0,
          1.0
        ]
      ]
    },
    {
      "file_path": "./../export/hku_park_00/images/frame1477.jpg",
      "sharpness": 251.76708908050296,
      "transform_matrix": [
        [
          -0.2460095506500298,
          -0.10739307594389004,
          0.9632995526987786,
          4.128834185743057
        ],
        [
          0.966420507316458,
          0.04893894897375643,
          0.2522625265701275,
          3.6430372238683244
        ],
        [
          -0.0742341163297112,
          0.993011433224229,
          0.09174742208965059,
          0.8390397306293133
        ],
        [
          0.0,
          0.0,
          0.0,
          1.0
        ]
      ]
    },
    {
      "file_path": "./../export/hku_park_00/images/frame1476.jpg",
      "sharpness": 221.12785101483524,
      "transform_matrix": [
        [
          -0.23113313017031203,
          -0.11790923094975593,
          0.9657509458426107,
          4.167347289169432
        ],
        [
          0.9705065968823602,
          0.04196200835373197,
          0.23739447184536883,
          3.6492685448956643
        ],
        [
          -0.0685158488640831,
          0.9921373912483809,
          0.10473287613103303,
          0.8446663703433749
        ],
        [
          0.0,
          0.0,
          0.0,
          1.0
        ]
      ]
    },
    {
      "file_path": "./../export/hku_park_00/images/frame1475.jpg",
      "sharpness": 132.3527419757074,
      "transform_matrix": [
        [
          -0.24289008025527312,
          -0.13707706187024535,
          0.9603198883830296,
          4.2047235413786845
        ],
        [
          0.9682910936247283,
          0.025392835034090056,
          0.24853080681468692,
          3.654597501541635
        ],
        [
          -0.05845311728806488,
          0.990234862565108,
          0.12656283040986543,
          0.8468841539256844
        ],
        [
          0.0,
          0.0,
          0.0,
          1.0
        ]
      ]
    },
    {
      "file_path": "./../export/hku_park_00/images/frame1474.jpg",
      "sharpness": 251.90952834535346,
      "transform_matrix": [
        [
          -0.2567534862227717,
          -0.07517593335789166,
          0.9635487669846347,
          4.25346401961464
        ],
        [
          0.9656280329229694,
          0.021822898339479962,
          0.2590101603053096,
          3.663474722255833
        ],
        [
          -0.04049875733716575,
          0.9969314621142319,
          0.06698888342338256,
          0.8465035542968437
        ],
        [
          0.0,
          0.0,
          0.0,
          1.0
        ]
      ]
    },
    {
      "file_path": "./../export/hku_park_00/images/frame1473.jpg",
      "sharpness": 229.6041725081712,
      "transform_matrix": [
        [
          -0.2587499071259727,
          -0.08227095028739556,
          0.9624344010385831,
          4.293635606248735
        ],
        [
          0.964657874868205,
          0.02939723488596089,
          0.26186062521085185,
          3.671995453368734
        ],
        [
          -0.04983643262860861,
          0.9961763364591903,
          0.07175678827112399,
          0.8494005143507498
        ],
        [
          0.0,
          0.0,
          0.0,
          1.0
        ]
      ]
    },
    {
      "file_path": "./../export/hku_park_00/images/frame1472.jpg",
      "sharpness": 114.0378723105392,
      "transform_matrix": [
        [
          -0.22939997239043994,
          -0.11278646512177033,
          0.9667754992520176,
          4.332105189096632
        ],
        [
          0.9727215884068823,
          0.008613150205708249,
          0.23181571364065545,
          3.679534401976778
        ],
        [
          -0.034472657491466295,
          0.9935819175741155,
          0.10773397308466168,
          0.8526475439403254
        ],
        [
          0.0,
          0.0,
          0.0,
          1.0
        ]
      ]
    },
    {
      "file_path": "./../export/hku_park_00/images/frame1469.jpg",
      "sharpness": 189.20863571015613,
      "transform_matrix": [
        [
          -0.13411339240925305,
          -0.05465420070041672,
          0.9894576879905814,
          4.462715833725518
        ],
        [
          0.990526658518474,
          0.022335116565997824,
          0.1354919972995093,
          3.6920294281272734
        ],
        [
          -0.02950485961210005,
          0.9982555088328678,
          0.051141004541259756,
          0.8576981397476021
        ],
        [
          0.0,
          0.0,
          0.0,
          1.0
        ]
      ]
    },
    {
      "file_path": "./../export/hku_park_00/images/frame1470.jpg",
      "sharpness": 125.58191526792704,
      "transform_matrix": [
        [
          -0.16478093331796612,
          -0.010152221909986731,
          0.9862779407482138,
          4.42254393051704
        ],
        [
          0.9858254565259019,
          0.030290528755147404,
          0.16501712981757685,
          3.689971433219595
        ],
        [
          -0.03155017084565847,
          0.9994895778643266,
          0.005017017200197081,
          0.8553315890060798
        ],
        [
          0.0,
          0.0,
          0.0,
          1.0
        ]
      ]
    },
    {
      "file_path": "./../export/hku_park_00/images/frame1471.jpg",
      "sharpness": 103.00694882385191,
      "transform_matrix": [
        [
          -0.18222341345095763,
          -0.058748075718074104,
          0.9815005304079523,
          4.380700999217557
        ],
        [
          0.9825799214617779,
          0.026162277520060992,
          0.18398976377812537,
          3.687114183192476
        ],
        [
          -0.036487333836407794,
          0.9979299568786243,
          0.05295730011173908,
          0.8537001082583373
        ],
        [
          0.0,
          0.0,
          0.0,
          1.0
        ]
      ]
    },
    {
      "file_path": "./../export/hku_park_00/images/frame1468.jpg",
      "sharpness": 183.21297225749538,
      "transform_matrix": [
        [
          -0.10901652989349725,
          -0.0798737122093576,
          0.990825709350168,
          4.512540850312766
        ],
        [
          0.9935572365498988,
          0.02230385740257755,
          0.11111505588485365,
          3.6946225490469167
        ],
        [
          -0.030974407328027396,
          0.9965554314960349,
          0.07692761563844287,
          0.8581957466662972
        ],
        [
          0.0,
          0.0,
          0.0,
          1.0
        ]
      ]
    },
    {
      "file_path": "./../export/hku_park_00/images/frame1465.jpg",
      "sharpness": 145.32282938451922,
      "transform_matrix": [
        [
          -0.11535063433171587,
          -0.09431715616103865,
          0.98883694571671,
          4.63496220964138
        ],
        [
          0.9907559308305147,
          0.060623401404172425,
          0.12135686518013497,
          3.7006010398023794
        ],
        [
          -0.07139269348786886,
          0.9936946599721991,
          0.08645233403829937,
          0.854536218073713
        ],
        [
          0.0,
          0.0,
          0.0,
          1.0
        ]
      ]
    },
    {
      "file_path": "./../export/hku_park_00/images/frame1466.jpg",
      "sharpness": 153.43973769172985,
      "transform_matrix": [
        [
          -0.1236488861333086,
          -0.0482914305196293,
          0.9911502866355569,
          4.60156504382884
        ],
        [
          0.9906596118306981,
          0.05185331930843167,
          0.1261141021620846,
          3.698932924461554
        ],
        [
          -0.05748466269766285,
          0.9974864264823098,
          0.04142876463852276,
          0.8542787101160919
        ],
        [
          0.0,
          0.0,
          0.0,
          1.0
        ]
      ]
    },
    {
      "file_path": "./../export/hku_park_00/images/frame1467.jpg",
      "sharpness": 80.70108936071392,
      "transform_matrix": [
        [
          -0.1122529929205058,
          -0.03053886716984764,
          0.993210271379509,
          4.555739208495884
        ],
        [
          0.9927572062947329,
          0.039611724390642325,
          0.11341975419069489,
          3.696654186362632
        ],
        [
          -0.042806482339506596,
          0.9987483611421683,
          0.0258711458373521,
          0.8557633169793643
        ],
        [
          0.0,
          0.0,
          0.0,
          1.0
        ]
      ]
    },
    {
      "file_path": "./../export/hku_park_00/images/frame1463.jpg",
      "sharpness": 106.36188964804407,
      "transform_matrix": [
        [
          -0.08133790127487976,
          -0.030224580124286107,
          0.9962281970381561,
          4.7189813007002455
        ],
        [
          0.9920222039658272,
          0.0941331825014306,
          0.08385040721985236,
          3.703061868417215
        ],
        [
          -0.09631247403633438,
          0.9951007078230009,
          0.022326859083844467,
          0.8513044616888599
        ],
        [
          0.0,
          0.0,
          0.0,
          1.0
        ]
      ]
    },
    {
      "file_path": "./../export/hku_park_00/images/frame1464.jpg",
      "sharpness": 103.57910308792245,
      "transform_matrix": [
        [
          -0.11108197046635099,
          -0.08329115512069112,
          0.9903147879928685,
          4.677901717469697
        ],
        [
          0.9892074516399275,
          0.0865380815336903,
          0.1182361115079023,
          3.702541827437247
        ],
        [
          -0.09554796417181813,
          0.9927606679983376,
          0.07277941068394471,
          0.8542672850069712
        ],
        [
          0.0,
          0.0,
          0.0,
          1.0
        ]
      ]
    },
    {
      "file_path": "./../export/hku_park_00/images/frame1462.jpg",
      "sharpness": 191.02173290941622,
      "transform_matrix": [
        [
          -0.0495178401375744,
          -0.07462522202336401,
          0.9959814555238768,
          4.770449755226192
        ],
        [
          0.993123380174061,
          0.10223908413988739,
          0.05703614140073557,
          3.700364453090652
        ],
        [
          -0.10608456654845902,
          0.9919567762324993,
          0.0690493941178321,
          0.8525218291267013
        ],
        [
          0.0,
          0.0,
          0.0,
          1.0
        ]
      ]
    },
    {
      "file_path": "./../export/hku_park_00/images/frame1461.jpg",
      "sharpness": 110.85275115864098,
      "transform_matrix": [
        [
          -0.06351020322229667,
          -0.08784954158775274,
          0.9941070928883222,
          4.812137175921092
        ],
        [
          0.993602916027954,
          0.08763889949400841,
          0.07122266883672541,
          3.6971396291865575
        ],
        [
          -0.09337933040788321,
          0.9922710725097638,
          0.08172159637626725,
          0.8561384002130251
        ],
        [
          0.0,
          0.0,
          0.0,
          1.0
        ]
      ]
    },
    {
      "file_path": "./../export/hku_park_00/images/frame1455.jpg",
      "sharpness": 266.50898880595105,
      "transform_matrix": [
        [
          -0.038923014338648115,
          -0.013473369942482534,
          0.9991513735458571,
          5.049311302989997
        ],
        [
          0.9967897855856882,
          0.06948831058765848,
          0.03976805305406589,
          3.702242822493688
        ],
        [
          -0.06996515065972977,
          0.9974917759036644,
          0.010725423026711985,
          0.8594562281993944
        ],
        [
          0.0,
          0.0,
          0.0,
          1.0
        ]
      ]
    },
    {
      "file_path": "./../export/hku_park_00/images/frame1458.jpg",
      "sharpness": 307.5947799682245,
      "transform_matrix": [
        [
          -0.14903460117434647,
          -0.0582186852427663,
          0.9871166457632015,
          4.926158600330249
        ],
        [
          0.9871626312711976,
          0.04922180407754582,
          0.15194457352955262,
          3.6936275687777167
        ],
        [
          -0.05743367544010389,
          0.9970896643197836,
          0.050135558573619995,
          0.854759751378682
        ],
        [
          0.0,
          0.0,
          0.0,
          1.0
        ]
      ]
    },
    {
      "file_path": "./../export/hku_park_00/images/frame1459.jpg",
      "sharpness": 129.759193405509,
      "transform_matrix": [
        [
          -0.12702552981104137,
          -0.006650665485008664,
          0.9918771513782428,
          4.885089539661068
        ],
        [
          0.9875503771775368,
          0.0926911063988766,
          0.1270929240007382,
          3.693079730389889
        ],
        [
          -0.09278344309605585,
          0.9956727009637926,
          -0.005206269690886949,
          0.8551311801550352
        ],
        [
          0.0,
          0.0,
          0.0,
          1.0
        ]
      ]
    },
    {
      "file_path": "./../export/hku_park_00/images/frame1460.jpg",
      "sharpness": 79.96769558525651,
      "transform_matrix": [
        [
          -0.10074425886894228,
          -0.03316651396096945,
          0.994359380032195,
          4.853774481535828
        ],
        [
          0.9894176159865121,
          0.10155498645576427,
          0.10363091190150062,
          3.6943716621100986
        ],
        [
          -0.10441922945770081,
          0.9942769066407098,
          0.022584451328914346,
          0.8571939889398137
        ],
        [
          0.0,
          0.0,
          0.0,
          1.0
        ]
      ]
    },
    {
      "file_path": "./../export/hku_park_00/images/frame1454.jpg",
      "sharpness": 217.50100555367536,
      "transform_matrix": [
        [
          -0.024200551791944202,
          -0.07479098812348157,
          0.9969055328314037,
          5.0873411515523355
        ],
        [
          0.9969130847128289,
          0.0726973131371816,
          0.02965471616770572,
          3.702071599088444
        ],
        [
          -0.07469025921313754,
          0.9945458303967329,
          0.07280079958718903,
          0.8599079518734003
        ],
        [
          0.0,
          0.0,
          0.0,
          1.0
        ]
      ]
    },
    {
      "file_path": "./../export/hku_park_00/images/frame1457.jpg",
      "sharpness": 124.66325908808452,
      "transform_matrix": [
        [
          -0.11911399506211773,
          -0.06841509026439047,
          0.9905206871165506,
          4.965488473604678
        ],
        [
          0.9909136501603169,
          0.054572949920462216,
          0.12293059449517074,
          3.696026770763458
        ],
        [
          -0.062465943571835617,
          0.9961632238556476,
          0.06129304473258361,
          0.8601462310341114
        ],
        [
          0.0,
          0.0,
          0.0,
          1.0
        ]
      ]
    },
    {
      "file_path": "./../export/hku_park_00/images/frame1456.jpg",
      "sharpness": 121.26959228456008,
      "transform_matrix": [
        [
          -0.07975896216718055,
          -0.02864301868906947,
          0.996402571973687,
          5.011850428733968
        ],
        [
          0.994028436459455,
          0.07239303367306948,
          0.08164996133239107,
          3.699779683959958
        ],
        [
          -0.07447130631322962,
          0.9969648068800457,
          0.022697981849076933,
          0.8619715335645629
        ],
        [
          0.0,
          0.0,
          0.0,
          1.0
        ]
      ]
    },
    {
      "file_path": "./../export/hku_park_00/images/frame1453.jpg",
      "sharpness": 156.38718178656373,
      "transform_matrix": [
        [
          -0.03821145909152859,
          -0.08496816251717243,
          0.9956506896266073,
          5.116339049531128
        ],
        [
          0.9973651277753499,
          0.058244561755381126,
          0.04324780830960421,
          3.7005221320172637
        ],
        [
          -0.0616659248837067,
          0.9946798391370769,
          0.08251867257695662,
          0.8624732623116744
        ],
        [
          0.0,
          0.0,
          0.0,
          1.0
        ]
      ]
    },
    {
      "file_path": "./../export/hku_park_00/images/frame1451.jpg",
      "sharpness": 192.5474189494217,
      "transform_matrix": [
        [
          -0.09615952539450036,
          -0.06972694555003617,
          0.9929206910632659,
          5.191266553204763
        ],
        [
          0.9945917874579631,
          0.03260445855754633,
          0.09861098114988955,
          3.697771475514553
        ],
        [
          -0.03924948403597651,
          0.9970331500746688,
          0.06621461814795623,
          0.8598985328965716
        ],
        [
          0.0,
          0.0,
          0.0,
          1.0
        ]
      ]
    },
    {
      "file_path": "./../export/hku_park_00/images/frame1452.jpg",
      "sharpness": 164.93734435196967,
      "transform_matrix": [
        [
          -0.058527034703720934,
          -0.0908604368834136,
          0.9941423274458902,
          5.153088328716284
        ],
        [
          0.9972976410920832,
          0.038977189728263535,
          0.06227514554823326,
          3.698841902445271
        ],
        [
          -0.044407221045246595,
          0.9951005776762603,
          0.08833368003654493,
          0.863799234134943
        ],
        [
          0.0,
          0.0,
          0.0,
          1.0
        ]
      ]
    },
    {
      "file_path": "./../export/hku_park_00/images/frame1450.jpg",
      "sharpness": 200.58333739783598,
      "transform_matrix": [
        [
          -0.13796064700270919,
          -0.07893133650257725,
          0.9872875487910792,
          5.239119223013101
        ],
        [
          0.9898472883361122,
          0.023425972894467125,
          0.14019118933654112,
          3.6981863875837027
        ],
        [
          -0.034193649297243764,
          0.996604770163805,
          0.07489810702463266,
          0.8576056062109517
        ],
        [
          0.0,
          0.0,
          0.0,
          1.0
        ]
      ]
    },
    {
      "file_path": "./../export/hku_park_00/images/frame1446.jpg",
      "sharpness": 209.66866668160023,
      "transform_matrix": [
        [
          -0.04913506227763328,
          -0.07312737340815235,
          0.9961115062656312,
          5.391143534848018
        ],
        [
          0.9960700126803328,
          0.06999384413147143,
          0.05427146232322322,
          3.6844542901769772
        ],
        [
          -0.07369040299783863,
          0.9948634323581823,
          0.06940083186748697,
          0.8624804167876217
        ],
        [
          0.0,
          0.0,
          0.0,
          1.0
        ]
      ]
    },
    {
      "file_path": "./../export/hku_park_00/images/frame1449.jpg",
      "sharpness": 234.72380135283748,
      "transform_matrix": [
        [
          -0.12793674237200453,
          -0.08482137332797786,
          0.9881485336625168,
          5.27542929180215
        ],
        [
          0.9905208095980348,
          0.03930899639555768,
          0.1316181163655978,
          3.6981151518503577
        ],
        [
          -0.05000715653298709,
          0.9956204786114609,
          0.0789882704352853,
          0.8630985406223122
        ],
        [
          0.0,
          0.0,
          0.0,
          1.0
        ]
      ]
    },
    {
      "file_path": "./../export/hku_park_00/images/frame1448.jpg",
      "sharpness": 253.9991981429368,
      "transform_matrix": [
        [
          -0.1091334060985846,
          -0.0902381960912549,
          0.9899227079125442,
          5.309909328441511
        ],
        [
          0.9918610819408061,
          0.05582184151343922,
          0.11443564191833785,
          3.6965920297315136
        ],
        [
          -0.06558577440690422,
          0.9943545594895349,
          0.08341172710840176,
          0.86437938353629
        ],
        [
          0.0,
          0.0,
          0.0,
          1.0
        ]
      ]
    },
    {
      "file_path": "./../export/hku_park_00/images/frame1447.jpg",
      "sharpness": 194.06952817588135,
      "transform_matrix": [
        [
          -0.07457191770256674,
          -0.05233421768670616,
          0.9958414325336483,
          5.354660381393643
        ],
        [
          0.994006971275547,
          0.07614404155069436,
          0.0784361268290343,
          3.691098378661991
        ],
        [
          -0.0799322847527179,
          0.9957224586182764,
          0.046342370016778774,
          0.8613607232483697
        ],
        [
          0.0,
          0.0,
          0.0,
          1.0
        ]
      ]
    },
    {
      "file_path": "./../export/hku_park_00/images/frame1443.jpg",
      "sharpness": 204.50824042095292,
      "transform_matrix": [
        [
          -0.07641821363842162,
          -0.05120629867175249,
          0.9957600974140502,
          5.506930197717751
        ],
        [
          0.9963744846604793,
          0.03353011263734812,
          0.07818962759913343,
          3.6606709859196025
        ],
        [
          -0.03739174964994416,
          0.9981250655725721,
          0.0484583381395968,
          0.8670974737736754
        ],
        [
          0.0,
          0.0,
          0.0,
          1.0
        ]
      ]
    },
    {
      "file_path": "./../export/hku_park_00/images/frame1445.jpg",
      "sharpness": 205.72014465208878,
      "transform_matrix": [
        [
          -0.055639393827265266,
          -0.082509335247088,
          0.9950359126448678,
          5.427551255495362
        ],
        [
          0.9969314647911002,
          0.05036871333514262,
          0.059922009532672564,
          3.6770301730488923
        ],
        [
          -0.05506280381539183,
          0.9953166342001066,
          0.07945366776899279,
          0.8672179321630026
        ],
        [
          0.0,
          0.0,
          0.0,
          1.0
        ]
      ]
    },
    {
      "file_path": "./../export/hku_park_00/images/frame1442.jpg",
      "sharpness": 254.22539969444264,
      "transform_matrix": [
        [
          -0.07775008672028655,
          -0.05883939897368706,
          0.9952350723044229,
          5.543947211767727
        ],
        [
          0.9964363894779202,
          0.028158310209261794,
          0.07950868688618716,
          3.6545085491473155
        ],
        [
          -0.032702381246655365,
          0.9978702494292331,
          0.056440407211724775,
          0.8701596925242446
        ],
        [
          0.0,
          0.0,
          0.0,
          1.0
        ]
      ]
    },
    {
      "file_path": "./../export/hku_park_00/images/frame1444.jpg",
      "sharpness": 157.29589003899073,
      "transform_matrix": [
        [
          -0.05921507665792461,
          -0.08636817372677777,
          0.9945019423132786,
          5.470487272373519
        ],
        [
          0.9974167533140718,
          0.035461654250958395,
          0.06246832226178379,
          3.6678001363094745
        ],
        [
          -0.04066195893974615,
          0.995631964958072,
          0.0840451988533411,
          0.868794010729022
        ],
        [
          0.0,
          0.0,
          0.0,
          1.0
        ]
      ]
    },
    {
      "file_path": "./../export/hku_park_00/images/frame1441.jpg",
      "sharpness": 205.62342526271,
      "transform_matrix": [
        [
          -0.02533428290743001,
          -0.07048782062061236,
          0.997190875036023,
          5.586284396696366
        ],
        [
          0.998186835665206,
          0.05269842867943002,
          0.02908464748629978,
          3.6463710096674267
        ],
        [
          -0.05460050562269232,
          0.9961196427941065,
          0.06902493771728402,
          0.8786364438015525
        ],
        [
          0.0,
          0.0,
          0.0,
          1.0
        ]
      ]
    },
    {
      "file_path": "./../export/hku_park_00/images/frame1440.jpg",
      "sharpness": 158.94127730631686,
      "transform_matrix": [
        [
          0.03699483281066452,
          -0.028516628512726863,
          0.9989084964324633,
          5.618711776838062
        ],
        [
          0.9966569064291865,
          0.07391809050189749,
          -0.03480124658050741,
          3.6378893567536394
        ],
        [
          -0.07284499442189304,
          0.9968565181590575,
          0.03115588215508598,
          0.8791829049222732
        ],
        [
          0.0,
          0.0,
          0.0,
          1.0
        ]
      ]
    },
    {
      "file_path": "./../export/hku_park_00/images/frame1439.jpg",
      "sharpness": 191.04237136791886,
      "transform_matrix": [
        [
          0.08130514753290516,
          -0.020599743285662345,
          0.9964763537398186,
          5.651382104391394
        ],
        [
          0.9940735077991939,
          0.07406211610384612,
          -0.07957803748539277,
          3.6240609045145824
        ],
        [
          -0.07216186026203976,
          0.9970408484792207,
          0.026499290344163647,
          0.8777827771629259
        ],
        [
          0.0,
          0.0,
          0.0,
          1.0
        ]
      ]
    },
    {
      "file_path": "./../export/hku_park_00/images/frame1438.jpg",
      "sharpness": 291.8147224369218,
      "transform_matrix": [
        [
          0.10157815382840793,
          -0.02851344440035247,
          0.9944188564959069,
          5.67598420218952
        ],
        [
          0.9926180813518319,
          0.06948841607278682,
          -0.09940173341095866,
          3.611633967311852
        ],
        [
          -0.06626630545190043,
          0.9971751819622786,
          0.03536146549054399,
          0.8800523020355963
        ],
        [
          0.0,
          0.0,
          0.0,
          1.0
        ]
      ]
    },
    {
      "file_path": "./../export/hku_park_00/images/frame1437.jpg",
      "sharpness": 177.4435102747381,
      "transform_matrix": [
        [
          0.09283904838824482,
          -0.04339481041020978,
          0.9947350408652618,
          5.708925205345359
        ],
        [
          0.994562865700797,
          0.051377723421202365,
          -0.09058165214365078,
          3.59456782879182
        ],
        [
          -0.04717644818553654,
          0.9977360472424055,
          0.04792872594889991,
          0.8850298223210837
        ],
        [
          0.0,
          0.0,
          0.0,
          1.0
        ]
      ]
    },
    {
      "file_path": "./../export/hku_park_00/images/frame1434.jpg",
      "sharpness": 189.8771499203143,
      "transform_matrix": [
        [
          0.07797889220367635,
          -0.06612622343535253,
          0.9947595764536533,
          5.817233277280126
        ],
        [
          0.9943760701087769,
          0.07688197212216072,
          -0.07283813257924823,
          3.5434018021238005
        ],
        [
          -0.07166256739561298,
          0.9948449552257697,
          0.07174950520730079,
          0.8925168405888013
        ],
        [
          0.0,
          0.0,
          0.0,
          1.0
        ]
      ]
    },
    {
      "file_path": "./../export/hku_park_00/images/frame1436.jpg",
      "sharpness": 164.7408378577971,
      "transform_matrix": [
        [
          0.08248379801159546,
          -0.06347031822002858,
          0.99456922422324,
          5.740240097766733
        ],
        [
          0.9957446178751637,
          0.04640391797546623,
          -0.07961992444841219,
          3.5777662817142892
        ],
        [
          -0.04109840676038294,
          0.9969043058904692,
          0.06702779915965242,
          0.886867021521512
        ],
        [
          0.0,
          0.0,
          0.0,
          1.0
        ]
      ]
    },
    {
      "file_path": "./../export/hku_park_00/images/frame1435.jpg",
      "sharpness": 137.03274610167762,
      "transform_matrix": [
        [
          0.0657965016183857,
          -0.05086399051934318,
          0.9965358372103919,
          5.782620057223161
        ],
        [
          0.9965195579797511,
          0.05457593074598989,
          -0.063009827384706,
          3.557589633934411
        ],
        [
          -0.05118193957477027,
          0.9972132782173729,
          0.054277866665075586,
          0.8866120411528787
        ],
        [
          0.0,
          0.0,
          0.0,
          1.0
        ]
      ]
    },
    {
      "file_path": "./../export/hku_park_00/images/frame1433.jpg",
      "sharpness": 162.2898261959752,
      "transform_matrix": [
        [
          0.12430841438661541,
          -0.0930353042026916,
          0.9878723856278121,
          5.849122390437573
        ],
        [
          0.9883275737045862,
          0.09997519352500653,
          -0.11495028375277412,
          3.52989248171226
        ],
        [
          -0.08806829831402532,
          0.9906308055238957,
          0.1043771142566029,
          0.8988127768646459
        ],
        [
          0.0,
          0.0,
          0.0,
          1.0
        ]
      ]
    },
    {
      "file_path": "./../export/hku_park_00/images/frame1431.jpg",
      "sharpness": 236.32094267453985,
      "transform_matrix": [
        [
          0.23056768796560995,
          -0.03928608433451527,
          0.9722628990377249,
          5.904152004283014
        ],
        [
          0.9658693812230323,
          0.13045600979396127,
          -0.2237801776844288,
          3.5019917396188265
        ],
        [
          -0.11804609134626734,
          0.9906754428609111,
          0.06802416652626678,
          0.8974442971567936
        ],
        [
          0.0,
          0.0,
          0.0,
          1.0
        ]
      ]
    },
    {
