{
  "camera_angle_x": 1.271459523542651,
  "camera_angle_y": 1.0685735856803804,
  "fl_x": 867.294,
  "fl_y": 865.318,
  "k1": -0.0847977,
  "k2": 0.0778542,
  "p1": -0.00135518,
  "p2": 1.71096e-05,
  "cx": 639.997,
  "cy": 512.011,
  "w": 1280.0,
  "h": 1024.0,
  "aabb_scale": 16,
  "frames": [
    {
      "file_path": "./images/frame0540.jpg",
      "sharpness": 10.84636153235973,
      "transform_matrix": [
        [
          0.20224764281720545,
          0.27164739207652916,
          0.9409056887339868,
          5.805934304180021
        ],
        [
          0.9790780920603782,
          -0.03410542569229333,
          -0.2006062760342787,
          -3.408290862224499
        ],
        [
          -0.022404217591463656,
          0.9617923245846188,
          -0.2728617539061046,
          -0.13184959474469768
        ],
        [
          0.0,
          0.0,
          0.0,
          1.0
        ]
      ]
    },
    {
      "file_path": "./images/frame0538.jpg",
      "sharpness": 10.962418325216856,
      "transform_matrix": [
        [
          0.049424040324997524,
          0.28541248588920265,
          0.9571295479352986,
          5.821180984902642
        ],
        [
          0.9983512498945144,
          0.013889388354483521,
          -0.05569440202098218,
          -3.4511980663536876
        ],
        [
          -0.02918982289336704,
          0.9583041231248004,
          -0.2842554422278942,
          -0.12131475948840256
        ],
        [
          0.0,
          0.0,
          0.0,
          1.0
        ]
      ]
    },
    {
      "file_path": "./images/frame0542.jpg",
      "sharpness": 8.36209257019451,
      "transform_matrix": [
        [
          0.36149657345054476,
          0.22951264120422513,
          0.903683717448654,
          5.787862411968884
        ],
        [
          0.9318007713510383,
          -0.0549651171967883,
          -0.35878437401128704,
          -3.3612575186521547
        ],
        [
          -0.03267443311340463,
          0.9717524382309075,
          -0.23372975388613904,
          -0.13092908523733224
        ],
        [
          0.0,
          0.0,
          0.0,
          1.0
        ]
      ]
    },
    {
      "file_path": "./images/frame0539.jpg",
      "sharpness": 9.892883155262098,
      "transform_matrix": [
        [
          0.12758094964593047,
          0.2737146552551981,
          0.9533117769370707,
          5.812699439947846
        ],
        [
          0.9917704126173934,
          -0.02483502372969484,
          -0.12559721125718593,
          -3.4258995763768842
        ],
        [
          -0.010702295894652332,
          0.9614902366092942,
          -0.27463057330328894,
          -0.13356583478852807
        ],
        [
          0.0,
          0.0,
          0.0,
          1.0
        ]
      ]
    },
    {
      "file_path": "./images/frame0536.jpg",
      "sharpness": 11.533517452140808,
      "transform_matrix": [
        [
          -0.13651507215262818,
          0.200962640837755,
          0.970040010486021,
          5.836901113793294
        ],
        [
          0.9859003110085545,
          0.12321343953157936,
          0.11322104282012083,
          -3.474041366020676
        ],
        [
          -0.09676875165086844,
          0.9718191383978926,
          -0.21494963242016377,
          -0.108316977138579
        ],
        [
          0.0,
          0.0,
          0.0,
          1.0
        ]
      ]
    },
    {
      "file_path": "./images/frame0534.jpg",
      "sharpness": 10.987882941102145,
      "transform_matrix": [
        [
          -0.20953807068183203,
          0.1718354675359154,
          0.9625831585693904,
          5.845878860032886
        ],
        [
          0.974294563401884,
          0.11998073050512424,
          0.19066908622913237,
          -3.4853705489861335
        ],
        [
          -0.0827277044384354,
          0.9777919925823744,
          -0.19255890447708301,
          -0.11506141965489665
        ],
        [
          0.0,
          0.0,
          0.0,
          1.0
        ]
      ]
    },
    {
      "file_path": "./images/frame0545.jpg",
      "sharpness": 8.450143401287487,
      "transform_matrix": [
        [
          0.6460964189491479,
          0.1277373661931418,
          0.7524910502273907,
          5.764222342679239
        ],
        [
          0.7630556117635943,
          -0.13068736278215484,
          -0.6329827331225656,
          -3.2292662057961437
        ],
        [
          0.017485556474779042,
          0.9831602045706288,
          -0.18190732420294856,
          -0.14883117314187588
        ],
        [
          0.0,
          0.0,
          0.0,
          1.0
        ]
      ]
    },
    {
      "file_path": "./images/frame0531.jpg",
      "sharpness": 13.929836146248851,
      "transform_matrix": [
        [
          -0.18664048693673133,
          0.06292288077685947,
          0.9804111720204435,
          5.838266584247066
        ],
        [
          0.9823334809351321,
          0.02581716560342776,
          0.18534948817953292,
          -3.495459233760795
        ],
        [
          -0.013648715733189124,
          0.9976844118478367,
          -0.06662977728803485,
          -0.1585210693781232
        ],
        [
          0.0,
          0.0,
          0.0,
          1.0
        ]
      ]
    },
    {
      "file_path": "./images/frame0530.jpg",
      "sharpness": 15.071140991142006,
      "transform_matrix": [
        [
          -0.16727172657316988,
          0.02567444223117147,
          0.985576470636811,
          5.835264226343349
        ],
        [
          0.9858943254195563,
          0.010139477364846156,
          0.16706153764919177,
          -3.4985047351442087
        ],
        [
          -0.005704020421648092,
          0.9996189342156623,
          -0.02700833577882285,
          -0.17320862941937296
        ],
        [
          0.0,
          0.0,
          0.0,
          1.0
        ]
      ]
    },
    {
      "file_path": "./images/frame0529.jpg",
      "sharpness": 15.531668037732604,
      "transform_matrix": [
        [
          -0.15046044137173958,
          -0.009341677956273532,
          0.9885718967292163,
          5.832121347010284
        ],
        [
          0.9885979635762648,
          -0.007467516050355534,
          0.15039384332665764,
          -3.4992461034916156
        ],
        [
          0.005977247879028725,
          0.9999284825183161,
          0.01035872949151933,
          -0.18632163235219765
        ],
        [
          0.0,
          0.0,
          0.0,
          1.0
        ]
      ]
    },
    {
      "file_path": "./images/frame0532.jpg",
      "sharpness": 11.480742604387341,
      "transform_matrix": [
        [
          -0.19687930390729697,
          0.10783904921528079,
          0.974478975666354,
          5.842262915761139
        ],
        [
          0.9802465640209497,
          0.04075770122785289,
          0.1935341797605025,
          -3.494275456100211
        ],
        [
          -0.018846979583237347,
          0.9933325468634041,
          -0.1137332061600641,
          -0.14361898619184785
        ],
        [
          0.0,
          0.0,
          0.0,
          1.0
        ]
      ]
    },
    {
      "file_path": "./images/frame0528.jpg",
      "sharpness": 17.664179894828703,
      "transform_matrix": [
        [
          -0.14667393553179656,
          -0.06144138055382673,
          0.9872748823550161,
          5.830046105166538
        ],
        [
          0.9891159004872093,
          -0.020897114768100584,
          0.14564694750364204,
          -3.4999360878519226
        ],
        [
          0.011682437282966708,
          0.9978919078188927,
          0.063837709515503,
          -0.2031267479537091
        ],
        [
          0.0,
          0.0,
          0.0,
          1.0
        ]
      ]
    },
    {
      "file_path": "./images/frame0537.jpg",
      "sharpness": 6.749661231599748,
      "transform_matrix": [
        [
          -0.04621369570993768,
          0.24153464917326944,
          0.9692911262931138,
          5.828446185658451
        ],
        [
          0.9961718859125603,
          0.08322008049657206,
          0.026757950109030246,
          -3.462008642546062
        ],
        [
          -0.07420150951198431,
          0.9668171537650092,
          -0.24445593611499183,
          -0.1116043107233417
        ],
        [
          0.0,
          0.0,
          0.0,
          1.0
        ]
      ]
    },
    {
      "file_path": "./images/frame0526.jpg",
      "sharpness": 15.918808694993501,
      "transform_matrix": [
        [
          -0.18749874122883525,
          -0.15288699035462278,
          0.9702936213210204,
          5.832742619876348
        ],
        [
          0.9822448238225597,
          -0.035486887023863024,
          0.18421658716398973,
          -3.5080599677164996
        ],
        [
          0.006268341455856531,
          0.9876063008733952,
          0.1568262044611728,
          -0.22914410329210352
        ],
        [
          0.0,
          0.0,
          0.0,
          1.0
        ]
      ]
    },
    {
      "file_path": "./images/frame0527.jpg",
      "sharpness": 17.09610352558957,
      "transform_matrix": [
        [
          -0.1559873531189897,
          -0.10902895018966824,
          0.9817233051390344,
          5.829764064900215
        ],
        [
          0.9877156934039169,
          -0.026529934888606152,
          0.1539931117746474,
          -3.503368583084302
        ],
        [
          0.009255355126712737,
          0.993684486135495,
          0.11182793888564374,
          -0.2172393623661874
        ],
        [
          0.0,
          0.0,
          0.0,
          1.0
        ]
      ]
    },
    {
      "file_path": "./images/frame0525.jpg",
      "sharpness": 16.18346320107521,
      "transform_matrix": [
        [
          -0.23387364439324435,
          -0.18160432393948323,
          0.9551559518961655,
          5.8375498887997
        ],
        [
          0.9722668185014294,
          -0.04424132736433707,
          0.22965167280616652,
          -3.5181353959675588
        ],
        [
          0.0005515826506606591,
          0.9823759595554467,
          0.1869147419095198,
          -0.23650758152262294
        ],
        [
          0.0,
          0.0,
          0.0,
          1.0
        ]
      ]
    },
    {
      "file_path": "./images/frame0524.jpg",
      "sharpness": 15.173235306697327,
      "transform_matrix": [
        [
          -0.294550726681174,
          -0.20303973760545363,
          0.9338172338750174,
          5.845365003306818
        ],
        [
          0.9554985315419797,
          -0.04601034457420369,
          0.291385556718851,
          -3.528075654911607
        ],
        [
          -0.016197647756446536,
          0.978088884782696,
          0.20755655293967862,
          -0.23727628968398506
        ],
        [
          0.0,
          0.0,
          0.0,
          1.0
        ]
      ]
    },
    {
      "file_path": "./images/frame0523.jpg",
      "sharpness": 12.221696411063906,
      "transform_matrix": [
        [
          -0.36542871203856875,
          -0.22322300248285065,
          0.9036777680764932,
          5.855848365008656
        ],
        [
          0.9302188177893534,
          -0.052130692898979154,
          0.36328424805108456,
          -3.5382303914479567
        ],
        [
          -0.03398397515404293,
          0.9733724570161548,
          0.22669628973481126,
          -0.23579687935274107
        ],
        [
          0.0,
          0.0,
          0.0,
          1.0
        ]
      ]
    },
    {
      "file_path": "./images/frame0467.jpg",
      "sharpness": 99.0287330363358,
      "transform_matrix": [
        [
          -0.058399303142411756,
          -0.02917241568760076,
          0.9978669755489905,
          4.8467171794702955
        ],
        [
          0.9949687676439715,
          -0.08320965494119596,
          0.05579707899817923,
          -1.505777395964193
        ],
        [
          0.08140443544318157,
          0.9961049823545218,
          0.033885024202457655,
          -0.25294732376776924
        ],
        [
          0.0,
          0.0,
          0.0,
          1.0
        ]
      ]
    },
    {
      "file_path": "./images/frame0468.jpg",
      "sharpness": 72.24495006349801,
      "transform_matrix": [
        [
          -0.02743096369851587,
          -0.03624991108349024,
          0.9989662111635096,
          4.854018014380162
        ],
        [
          0.9972765469147075,
          -0.06943505058060684,
          0.024864950948508182,
          -1.55885927820991
        ],
        [
          0.06846191841487786,
          0.9969276427081781,
          0.03805585553555499,
          -0.25333803020929935
        ],
        [
          0.0,
          0.0,
          0.0,
          1.0
        ]
      ]
    },
    {
      "file_path": "./images/frame0522.jpg",
      "sharpness": 11.515100860339011,
      "transform_matrix": [
        [
          -0.44360162424552224,
          -0.23440539073818556,
          0.8650269302458006,
          5.869783857674133
        ],
        [
          0.895463035728653,
          -0.07615796289863884,
          0.4385724917585156,
          -3.542300135374065
        ],
        [
          -0.0369251230414973,
          0.9691511962753614,
          0.24368516027702392,
          -0.24453493971074028
        ],
        [
          0.0,
          0.0,
          0.0,
          1.0
        ]
      ]
    },
    {
      "file_path": "./images/frame0517.jpg",
      "sharpness": 11.553869604205248,
      "transform_matrix": [
        [
          -0.7645876244367925,
          -0.20537249906507982,
          0.6109235516414603,
          5.948316712257459
        ],
        [
          0.642265572187798,
          -0.1635760332739842,
          0.7488241012962811,
          -3.566278966493526
        ],
        [
          -0.05385552638605342,
          0.9649170850909867,
          0.2569719091046422,
          -0.24190889026342935
        ],
        [
          0.0,
          0.0,
          0.0,
          1.0
        ]
      ]
    },
    {
      "file_path": "./images/frame0519.jpg",
      "sharpness": 8.591429068499721,
      "transform_matrix": [
        [
          -0.6662736893919358,
          -0.22256931498863472,
          0.7117177994685313,
          5.918626290112939
        ],
        [
          0.7450279925884933,
          -0.15795167756751222,
          0.64806212656329,
          -3.5430041394013005
        ],
        [
          -0.031821739772190175,
          0.9620364650266675,
          0.2710594195039281,
          -0.24887087217127266
        ],
        [
          0.0,
          0.0,
          0.0,
          1.0
        ]
      ]
    },
    {
      "file_path": "./images/frame0521.jpg",
      "sharpness": 10.941278068067032,
      "transform_matrix": [
        [
          -0.5401728976630091,
          -0.24386996088242835,
          0.8054442963532596,
          5.884733920730461
        ],
        [
          0.8407975341798818,
          -0.11582207646863307,
          0.5288143573365656,
          -3.5400578071188296
        ],
        [
          -0.0356737778428526,
          0.9628668899006209,
          0.26760921452812475,
          -0.24028954086720078
        ],
        [
          0.0,
          0.0,
          0.0,
          1.0
        ]
      ]
    },
    {
      "file_path": "./images/frame0466.jpg",
      "sharpness": 93.03588333073952,
      "transform_matrix": [
        [
          -0.08392171217049833,
          -0.0306577846737354,
          0.9960006232697949,
          4.842692921499902
        ],
        [
          0.9934172536089267,
          -0.08078290919705348,
          0.08121746861199866,
          -1.4514945231395273
        ],
        [
          0.07796987780229214,
          0.9962601152235562,
          0.03723541448763742,
          -0.24967796778868354
        ],
        [
          0.0,
          0.0,
          0.0,
          1.0
        ]
      ]
    },
    {
      "file_path": "./images/frame0516.jpg",
      "sharpness": 12.440690586632112,
      "transform_matrix": [
        [
          -0.7939260965231277,
          -0.170769645140809,
          0.5835406023286314,
          5.954622892745394
        ],
        [
          0.6067341898650374,
          -0.16026039496598338,
          0.7785825189971186,
          -3.5834146869670658
        ],
        [
          -0.039439657755237126,
          0.9721905076371063,
          0.23084666673393134,
          -0.23957043075772713
        ],
        [
          0.0,
          0.0,
          0.0,
          1.0
        ]
      ]
    },
    {
      "file_path": "./images/frame0518.jpg",
      "sharpness": 8.887139892519917,
      "transform_matrix": [
        [
          -0.7251663546260985,
          -0.21673541983763034,
          0.6535740004775809,
          5.936592113702177
        ],
        [
          0.6870889465368429,
          -0.16547009540062182,
          0.7074800028293665,
          -3.5526983498605955
        ],
        [
          -0.04518920959041077,
          0.962104635381375,
          0.26890988393507603,
          -0.24565261342781328
        ],
        [
          0.0,
          0.0,
          0.0,
          1.0
        ]
      ]
    },
    {
      "file_path": "./images/frame0520.jpg",
      "sharpness": 10.108922568098052,
      "transform_matrix": [
        [
          -0.5951927182887998,
          -0.23637366876262073,
          0.7680320718597056,
          5.898784633290927
        ],
        [
          0.8029856545189046,
          -0.13809827491736126,
          0.5797784256348225,
          -3.541571310773198
        ],
        [
          -0.03098038997226138,
          0.9617985163123336,
          0.2719997452964334,
          -0.24435635447675827
        ],
        [
          0.0,
          0.0,
          0.0,
          1.0
        ]
      ]
    },
    {
      "file_path": "./images/frame0514.jpg",
      "sharpness": 15.34880370140076,
      "transform_matrix": [
        [
          -0.815787633937017,
          -0.10617590431492056,
          0.5685222073220999,
          5.958237990388553
        ],
        [
          0.5783506788905696,
          -0.14782350008381334,
          0.8022836038375522,
          -3.621241218329034
        ],
        [
          -0.001142182442955178,
          0.9832979738919427,
          0.18199947226512664,
          -0.23408727251995742
        ],
        [
          0.0,
          0.0,
          0.0,
          1.0
        ]
      ]
    },
    {
      "file_path": "./images/frame0513.jpg",
      "sharpness": 15.395633621652948,
      "transform_matrix": [
        [
          -0.8161052055710658,
          -0.09284172360209789,
          0.5703966453614925,
          5.95329083540415
        ],
        [
          0.5778863750297312,
          -0.12360904369961899,
          0.8067017903089022,
          -3.6396926276257298
        ],
        [
          -0.004389473628736658,
          0.9879783414266667,
          0.1545299679818035,
          -0.22832483334497056
        ],
        [
          0.0,
          0.0,
          0.0,
          1.0
        ]
      ]
    },
    {
      "file_path": "./images/frame0515.jpg",
      "sharpness": 10.501509087698077,
      "transform_matrix": [
        [
          -0.8057575475410349,
          -0.13645959032153832,
          0.576310639178038,
          5.957351379008157
        ],
        [
          0.5920822551018156,
          -0.16273282340478856,
          0.7892762555051992,
          -3.605611397075808
        ],
        [
          -0.013919556993815793,
          0.97718823007894,
          0.21191847790125246,
          -0.2371138253296241
        ],
        [
          0.0,
          0.0,
          0.0,
          1.0
        ]
      ]
    },
    {
      "file_path": "./images/frame0512.jpg",
      "sharpness": 13.052648129034207,
      "transform_matrix": [
        [
          -0.8190871881272825,
          -0.0730564495939568,
          0.5689990807183158,
          5.944863989116345
        ],
        [
          0.5736561364637606,
          -0.09743174679746824,
          0.8132814337194767,
          -3.653039528151861
        ],
        [
          -0.003976712193228316,
          0.9925572220769316,
          0.12171434579343428,
          -0.2200680771758687
        ],
        [
          0.0,
          0.0,
          0.0,
          1.0
        ]
      ]
    },
    {
      "file_path": "./images/frame0510.jpg",
      "sharpness": 11.424618422647473,
      "transform_matrix": [
        [
          -0.8369662341406205,
          -0.009226210718408241,
          0.5471765518369531,
          5.921866812262764
        ],
        [
          0.547142191690463,
          -0.0343478234330854,
          0.8363345195850501,
          -3.661404354944011
        ],
        [
          0.011078108966505205,
          0.9993673513123749,
          0.03379601768338718,
          -0.20212083416473212
        ],
        [
          0.0,
          0.0,
          0.0,
          1.0
        ]
      ]
    },
    {
      "file_path": "./images/frame0511.jpg",
      "sharpness": 12.023727369380657,
      "transform_matrix": [
        [
          -0.8232916143117112,
          -0.03940061562287535,
          0.5662494743873444,
          5.932684406620791
        ],
        [
          0.5676026973505084,
          -0.06461391077711817,
          0.8207631685604648,
          -3.6602726473461957
        ],
        [
          0.004249013962469468,
          0.9971322045824069,
          0.07555998724522732,
          -0.21178114029004774
        ],
        [
          0.0,
          0.0,
          0.0,
          1.0
        ]
      ]
    },
    {
      "file_path": "./images/frame0508.jpg",
      "sharpness": 11.326565545462074,
      "transform_matrix": [
        [
          -0.8717011993209822,
          0.027341052785374995,
          0.4892747187890927,
          5.905941648842745
        ],
        [
          0.4897226307951667,
          0.012786892819386842,
          0.8717846666060642,
          -3.644279083544955
        ],
        [
          0.01757921095069442,
          0.9995443774029674,
          -0.024535875785932245,
          -0.19157004335677005
        ],
        [
          0.0,
          0.0,
          0.0,
          1.0
        ]
      ]
    },
    {
      "file_path": "./images/frame0509.jpg",
      "sharpness": 11.770622252076858,
      "transform_matrix": [
        [
          -0.8567187592025062,
          0.010371084794542164,
          0.5156792068059873,
          5.9147047025894235
        ],
        [
          0.5157327255245561,
          0.0031983908484922276,
          0.8567433468743296,
          -3.655239522644153
        ],
        [
          0.007236001619197421,
          0.9999411033816809,
          -0.00808883809899964,
          -0.20071456571310883
        ],
        [
          0.0,
          0.0,
          0.0,
          1.0
        ]
      ]
    },
    {
      "file_path": "./images/frame0507.jpg",
      "sharpness": 8.572250319262974,
      "transform_matrix": [
        [
          -0.8865741395399689,
          0.05723799018023418,
          0.4590308997081162,
          5.824936554715376
        ],
        [
          0.4610835199755611,
          0.029437735843310373,
          0.8868678967244069,
          -3.606420471385254
        ],
        [
          0.037249720067252495,
          0.9979264659928068,
          -0.05249024577174484,
          -0.10569301592100673
        ],
        [
          0.0,
          0.0,
          0.0,
          1.0
        ]
      ]
    },
    {
      "file_path": "./images/frame0504.jpg",
      "sharpness": 6.9064536645723225,
      "transform_matrix": [
        [
          -0.7602123454830029,
          0.12335418194829567,
          0.6378561246652629,
          5.850266827063054
        ],
        [
          0.6495682723779771,
          0.1620560914491903,
          0.7428313344676933,
          -3.516473875549737
        ],
        [
          -0.011737040596919525,
          0.9790411363213788,
          -0.203324073431155,
          -0.1285706986583627
        ],
        [
          0.0,
          0.0,
          0.0,
          1.0
        ]
      ]
    },
    {
      "file_path": "./images/frame0505.jpg",
      "sharpness": 7.98845587414632,
      "transform_matrix": [
        [
          -0.8049196951988877,
          0.0910367780761423,
          0.5863590980672299,
          5.851376515601742
        ],
        [
          0.5933820371550537,
          0.12609223836809003,
          0.7949835878901067,
          -3.553754844223929
        ],
        [
          -0.0015626276450554158,
          0.9878325066325351,
          -0.15551367255416298,
          -0.11556153948333214
        ],
        [
          0.0,
          0.0,
          0.0,
          1.0
        ]
      ]
    },
    {
      "file_path": "./images/frame0506.jpg",
      "sharpness": 7.093762175159067,
      "transform_matrix": [
        [
          -0.8497926458199953,
          0.08840924223309425,
          0.5196507830392434,
          5.8525745062845544
        ],
        [
          0.5266702224199911,
          0.10179298755749655,
          0.8439533941406695,
          -3.5827937960171523
        ],
        [
          0.021716418084700352,
          0.9908693162820091,
          -0.1330653982522238,
          -0.1229577581759613
        ],
        [
          0.0,
          0.0,
          0.0,
          1.0
        ]
      ]
    },
    {
      "file_path": "./images/frame0498.jpg",
      "sharpness": 15.792673420719202,
      "transform_matrix": [
        [
          -0.509515935248073,
          0.10385623092328727,
          0.854170663689047,
          5.684878918895192
        ],
        [
          0.8554563294773909,
          0.1680530491588497,
          0.4898497437613826,
          -3.219173368439325
        ],
        [
          -0.09267205886197648,
          0.9802918290710598,
          -0.1744701412430263,
          -0.07602625079863405
        ],
        [
          0.0,
          0.0,
          0.0,
          1.0
        ]
      ]
    },
    {
      "file_path": "./images/frame0503.jpg",
      "sharpness": 5.279027451243598,
      "transform_matrix": [
        [
          -0.7047120795322899,
          0.12471028101986084,
          0.698447019805456,
          5.843603626602935
        ],
        [
          0.7094605471617592,
          0.11438977798302322,
          0.695399683111315,
          -3.4648928391928577
        ],
        [
          0.006828289120267783,
          0.9855771531268508,
          -0.16908888164515637,
          -0.0941481063929874
        ],
        [
          0.0,
          0.0,
          0.0,
          1.0
        ]
      ]
    },
    {
      "file_path": "./images/frame0497.jpg",
      "sharpness": 20.75761790513002,
      "transform_matrix": [
        [
          -0.5169022606592953,
          0.10376145613129603,
          0.8497327359714225,
          5.651336926749312
        ],
        [
          0.852082878440861,
          0.157750144892881,
          0.49906890404247595,
          -3.173100070069832
        ],
        [
          -0.08226136453857003,
          0.9820124553698654,
          -0.16995473891745763,
          -0.07519195076281157
        ],
        [
          0.0,
          0.0,
          0.0,
          1.0
        ]
      ]
    },
    {
      "file_path": "./images/frame0499.jpg",
      "sharpness": 10.565314379492193,
      "transform_matrix": [
        [
          -0.5047122972435251,
          0.0930066585062452,
          0.8582628880797591,
          5.718513792940535
        ],
        [
          0.8580651871281706,
          0.1632353695280491,
          0.48690684247799987,
          -3.2663021504971037
        ],
        [
          -0.09481326984406374,
          0.9821934473123227,
          -0.1621926946191687,
          -0.07883879254461695
        ],
        [
          0.0,
          0.0,
          0.0,
          1.0
        ]
      ]
    },
    {
      "file_path": "./images/frame0501.jpg",
      "sharpness": 6.243721244809568,
      "transform_matrix": [
        [
          -0.5724089587296348,
          0.14850570162032664,
          0.8064079804004456,
          5.791592138035468
        ],
        [
          0.8198952082520715,
          0.11677907027908262,
          0.5604768453331532,
          -3.3670720730532158
        ],
        [
          -0.010937524081642863,
          0.9819922057776046,
          -0.18860452714939216,
          -0.09778172194976142
        ],
        [
          0.0,
          0.0,
          0.0,
          1.0
        ]
      ]
    },
    {
      "file_path": "./images/frame0500.jpg",
      "sharpness": 9.540582925127238,
      "transform_matrix": [
        [
          -0.5268911698741304,
          0.12471234642844616,
          0.8407333398831175,
          5.755860896592764
        ],
        [
          0.847602178201983,
          0.15030329781749482,
          0.5089002741226037,
          -3.3142287569472173
        ],
        [
          -0.06289885083777755,
          0.9807424490800045,
          -0.1848999317798085,
          -0.0899293831265892
        ],
        [
          0.0,
          0.0,
          0.0,
          1.0
        ]
      ]
    },
    {
      "file_path": "./images/frame0502.jpg",
      "sharpness": 5.4967521667474655,
      "transform_matrix": [
        [
          -0.6358445821483726,
          0.144886151385305,
          0.7580964190803336,
          5.8233017916488095
        ],
        [
          0.7717594429581507,
          0.10731105637683702,
          0.6267951771920137,
          -3.421586780552973
        ],
        [
          0.009461722141955328,
          0.9836118962993089,
          -0.18005035780556145,
          -0.10203109251813107
        ],
        [
          0.0,
          0.0,
          0.0,
          1.0
        ]
      ]
    },
    {
      "file_path": "./images/frame0496.jpg",
      "sharpness": 16.305227645093105,
      "transform_matrix": [
        [
          -0.5167813353689634,
          0.09714144236749997,
          0.8505882789442895,
          5.622215180297851
        ],
        [
          0.8521692577701127,
          0.15367463738850054,
          0.5001914511570905,
          -3.1238164672249322
        ],
        [
          -0.08212449957822913,
          0.9833349534313172,
          -0.16219717816820886,
          -0.07400938271550647
        ],
        [
          0.0,
          0.0,
          0.0,
          1.0
        ]
      ]
    },
    {
      "file_path": "./images/frame0478.jpg",
      "sharpness": 64.93077926419156,
      "transform_matrix": [
        [
          -0.08764119662507487,
          -0.06453944168300657,
          0.9940591872345644,
          5.002218644018151
        ],
        [
          0.9945565556502369,
          -0.062126326377779276,
          0.0836514814969234,
          -2.1240158843276222
        ],
        [
          0.056358419269266456,
          0.9959794019931397,
          0.06963295340490652,
          -0.2604509633337806
        ],
        [
          0.0,
          0.0,
          0.0,
          1.0
        ]
      ]
    },
    {
      "file_path": "./images/frame0472.jpg",
      "sharpness": 64.82973632793637,
      "transform_matrix": [
        [
          -0.024961417251314327,
          -0.021979238328867452,
          0.9994467665969683,
          4.873471969458048
        ],
        [
          0.996514764964371,
          -0.08014690320329378,
          0.02312564541540527,
          -1.7588639883586104
        ],
        [
          0.07959427878130355,
          0.9965407087404545,
          0.023903216235804672,
          -0.27166477194298433
        ],
        [
          0.0,
          0.0,
          0.0,
          1.0
        ]
      ]
    },
    {
      "file_path": "./images/frame0487.jpg",
      "sharpness": 25.121893883705468,
      "transform_matrix": [
        [
          -0.27090091421561485,
          -0.05334807893471057,
          0.9611278541967538,
          5.339678078001862
        ],
        [
          0.962568601421181,
          -0.023962504181483543,
          0.2699769458841783,
          -2.670601336906624
        ],
        [
          0.008628304308717884,
          0.9982884307357665,
          0.057842647978098856,
          -0.19183419913238395
        ],
        [
          0.0,
          0.0,
          0.0,
          1.0
        ]
      ]
    },
    {
      "file_path": "./images/frame0495.jpg",
      "sharpness": 10.213445234703249,
      "transform_matrix": [
        [
          -0.5024303189600873,
          0.06474207654423032,
          0.8621904755879796,
          5.594839154680425
        ],
        [
          0.8600405475642111,
          0.13989547684469297,
          0.4906726974255225,
          -3.077013242092852
        ],
        [
          -0.08884939508444406,
          0.9880474341936358,
          -0.12596849483331873,
          -0.07652456419765756
        ],
        [
          0.0,
          0.0,
          0.0,
          1.0
        ]
      ]
    },
    {
      "file_path": "./images/frame0488.jpg",
      "sharpness": 20.989756443982465,
      "transform_matrix": [
        [
          -0.25934283535457164,
          -0.05064842184688416,
          0.9644563556810503,
          5.386392521922338
        ],
        [
          0.9653228545704076,
          0.017306924229462135,
          0.26048470971899357,
          -2.7174465551715845
        ],
        [
          -0.029884902341400125,
          0.9985665786264329,
          0.044403655577258457,
          -0.16859952683777427
        ],
        [
          0.0,
          0.0,
          0.0,
          1.0
        ]
      ]
    },
    {
      "file_path": "./images/frame0489.jpg",
      "sharpness": 18.705491604655982,
      "transform_matrix": [
        [
          -0.270482878824164,
          -0.011271391409811808,
          0.9626587620352672,
          5.4281991099512625
        ],
        [
          0.9612950130427417,
          0.05131332214289337,
          0.2707005096800648,
          -2.7620138663530684
        ],
        [
          -0.0524484052536236,
          0.9986189925319943,
          -0.0030442586954802925,
          -0.14418959356589237
        ],
        [
          0.0,
          0.0,
          0.0,
          1.0
        ]
      ]
    },
    {
      "file_path": "./images/frame0492.jpg",
      "sharpness": 14.866660967133935,
      "transform_matrix": [
        [
          -0.36041015979987384,
          0.04832527660317222,
          0.9315413081503023,
          5.518948884587127
        ],
        [
          0.9303022593236435,
          0.09156678932294138,
          0.35518059457171386,
          -2.9227299889661094
        ],
        [
          -0.06813404712539685,
          0.9946256543415415,
          -0.07795870909028443,
          -0.1024515053863566
        ],
        [
          0.0,
          0.0,
          0.0,
          1.0
        ]
      ]
    },
    {
      "file_path": "./images/frame0493.jpg",
      "sharpness": 13.552797676841147,
      "transform_matrix": [
        [
          -0.42065941213183355,
          0.041673105325014254,
          0.906261047677749,
          5.545610929453707
        ],
        [
          0.9033133888176101,
          0.11182879354577736,
          0.41414891160975353,
          -2.983833827301705
        ],
        [
          -0.08408721087848336,
          0.9928533015502232,
          -0.08468568896218273,
          -0.09239510705941338
        ],
        [
          0.0,
          0.0,
          0.0,
          1.0
        ]
      ]
    },
    {
      "file_path": "./images/frame0490.jpg",
      "sharpness": 17.613178914410543,
      "transform_matrix": [
        [
          -0.2964669579133842,
          0.00031613081527433196,
          0.9550430766924025,
          5.463234694358098
        ],
        [
          0.9534733189405327,
          0.057410368109935404,
          0.29596066525641956,
          -2.812878324238117
        ],
        [
          -0.0547358074427505,
          0.9983506157607726,
          -0.017321691971599024,
          -0.12522994612010951
        ],
        [
          0.0,
          0.0,
          0.0,
          1.0
        ]
      ]
    },
    {
      "file_path": "./images/frame0486.jpg",
      "sharpness": 30.061472245538,
      "transform_matrix": [
        [
          -0.26677418969828604,
          -0.06744524868021917,
          0.9613962342132207,
          5.293694003774798
        ],
        [
          0.9629099195251344,
          -0.060519125281100344,
          0.2629485961590849,
          -2.6187469542247883
        ],
        [
          0.040448244622973806,
          0.9958858287502343,
          0.08108863309632863,
          -0.20477135224075993
        ],
        [
          0.0,
          0.0,
          0.0,
          1.0
        ]
      ]
    },
    {
      "file_path": "./images/frame0491.jpg",
      "sharpness": 12.354257924211561,
      "transform_matrix": [
        [
          -0.3308509299689038,
          0.034302809338689705,
          0.9430593188017236,
          5.494328113229256
        ],
        [
          0.9418652289103852,
          0.07400046823496184,
          0.3277403202955022,
          -2.865727295234546
        ],
        [
          -0.058544418880022785,
          0.9966680704811473,
          -0.05679177002916934,
          -0.11179810020505357
        ],
        [
          0.0,
          0.0,
          0.0,
          1.0
        ]
      ]
    },
    {
      "file_path": "./images/frame0465.jpg",
      "sharpness": 78.56353756632654,
      "transform_matrix": [
        [
          -0.09258046289641002,
          -0.036829205828214466,
          0.9950238459016595,
          4.841341212473237
        ],
        [
          0.9931640532902777,
          -0.0747649831823123,
          0.08964011022193355,
          -1.4001927300773425
        ],
        [
          0.07109156026422812,
          0.9965208457324661,
          0.04349922523673642,
          -0.24779387162526148
        ],
        [
          0.0,
          0.0,
          0.0,
          1.0
        ]
      ]
    },
    {
      "file_path": "./images/frame0494.jpg",
      "sharpness": 7.016285640632273,
      "transform_matrix": [
        [
          -0.4641110672571433,
          0.049036722982197425,
          0.8844186081744198,
          5.566416985457613
        ],
        [
          0.8810125044879572,
          0.1289762096686389,
          0.45517256060337846,
          -3.0261632525793343
        ],
        [
          -0.09174878656811294,
          0.990434517767989,
          -0.10306126371236146,
          -0.08321967143149887
        ],
        [
          0.0,
          0.0,
          0.0,
          1.0
        ]
      ]
    },
    {
      "file_path": "./images/frame0471.jpg",
      "sharpness": 64.3044288376108,
      "transform_matrix": [
        [
          -0.011487038319896985,
          -0.03493897589038773,
          0.9993234314392594,
          4.870313260841996
        ],
        [
          0.9957882358218391,
          -0.09131082607400857,
          0.008253940086609811,
          -1.7018033969436552
        ],
        [
          0.09096066427027819,
          0.9952093300678849,
          0.03584071166228802,
          -0.26729318695021925
        ],
        [
          0.0,
          0.0,
          0.0,
