{
  "camera_angle_x": 1.2739919365753094,
  "camera_angle_y": 1.0688724556851592,
  "fl_x": 864.9993778006643,
  "fl_y": 865.0230223102996,
  "k1": -0.08773579277270663,
  "k2": 0.07862692885943041,
  "p1": -0.0008706564001078213,
  "p2": -2.273442862677899e-05,
  "cx": 639.9708409813538,
  "cy": 514.5998334060617,
  "w": 1280.0,
  "h": 1024.0,
  "aabb_scale": 16,
  "frames": [
    {
      "file_path": "./images/frame0699.jpg",
      "sharpness": 29.65485831788741,
      "transform_matrix": [
        [
          0.996146715798641,
          0.06368159240721777,
          0.06030236641329839,
          1.1139520922185344
        ],
        [
          0.05102460541929964,
          0.13841665956308782,
          -0.9890588041149023,
          -1.113008878730406
        ],
        [
          -0.07133169175309348,
          0.9883245839028805,
          0.13463397271053762,
          0.30473051831094017
        ],
        [
          0.0,
          0.0,
          0.0,
          1.0
        ]
      ]
    },
    {
      "file_path": "./images/frame0702.jpg",
      "sharpness": 18.299973246463924,
      "transform_matrix": [
        [
          0.994787281472363,
          0.06364390035671959,
          0.0796725710090444,
          1.2884358854352003
        ],
        [
          0.07048161667829969,
          0.1354976619230121,
          -0.988267537321656,
          -1.1110779998610592
        ],
        [
          -0.07369264776220073,
          0.9887314284292312,
          0.1303056257614003,
          0.2987737820204805
        ],
        [
          0.0,
          0.0,
          0.0,
          1.0
        ]
      ]
    },
    {
      "file_path": "./images/frame0700.jpg",
      "sharpness": 19.185365103629866,
      "transform_matrix": [
        [
          0.9950835167180025,
          0.048361005505869505,
          0.08642920747973933,
          1.1717940878731685
        ],
        [
          0.07917765098876196,
          0.13578112647187746,
          -0.9875699394361546,
          -1.121979437263098
        ],
        [
          -0.05949533043017367,
          0.9895578299641797,
          0.13128445001815833,
          0.30190942323039976
        ],
        [
          0.0,
          0.0,
          0.0,
          1.0
        ]
      ]
    },
    {
      "file_path": "./images/frame0701.jpg",
      "sharpness": 18.69353156975471,
      "transform_matrix": [
        [
          0.9946492932429057,
          0.058987065583210596,
          0.08481338071467139,
          1.2292001964586718
        ],
        [
          0.07567412463578431,
          0.14288264454743277,
          -0.9868424275170476,
          -1.1192047317667433
        ],
        [
          -0.07032929912176326,
          0.9879803014149294,
          0.13765432686293827,
          0.30283937650720566
        ],
        [
          0.0,
          0.0,
          0.0,
          1.0
        ]
      ]
    },
    {
      "file_path": "./images/frame0698.jpg",
      "sharpness": 20.65032715840207,
      "transform_matrix": [
        [
          0.9965315001331632,
          0.07540327201974334,
          0.03520391759513788,
          1.068971349686918
        ],
        [
          0.026555422151474405,
          0.11277402599212707,
          -0.9932657391735021,
          -1.105230890787815
        ],
        [
          -0.07886557423668976,
          0.9907554519825705,
          0.11038050357790401,
          0.3092419543274407
        ],
        [
          0.0,
          0.0,
          0.0,
          1.0
        ]
      ]
    },
    {
      "file_path": "./images/frame0697.jpg",
      "sharpness": 25.662599724912432,
      "transform_matrix": [
        [
          0.9952948987095263,
          0.09680975179133869,
          -0.003992062609038943,
          1.008281637606951
        ],
        [
          -0.015215075726146183,
          0.11546969751843182,
          -0.9931944675770449,
          -1.093935723740451
        ],
        [
          -0.09568994762472406,
          0.9885821265408568,
          0.11639936860016192,
          0.3118692458016728
        ],
        [
          0.0,
          0.0,
          0.0,
          1.0
        ]
      ]
    },
    {
      "file_path": "./images/frame0696.jpg",
      "sharpness": 29.522647832240303,
      "transform_matrix": [
        [
          0.9948734633000942,
          0.09704746686119714,
          -0.028435562243120088,
          0.9659295337532064
        ],
        [
          -0.04023132751381656,
          0.12184321798031146,
          -0.9917336691464489,
          -1.089359428984251
        ],
        [
          -0.0927805599828422,
          0.9877935105126802,
          0.12512293267537988,
          0.311346303007222
        ],
        [
          0.0,
          0.0,
          0.0,
          1.0
        ]
      ]
    },
    {
      "file_path": "./images/frame0695.jpg",
      "sharpness": 17.512224513533873,
      "transform_matrix": [
        [
          0.9961149608063813,
          0.08284238470892345,
          -0.029868447506053403,
          0.9090475232698486
        ],
        [
          -0.0418115687249435,
          0.14640993571147115,
          -0.9883399837331899,
          -1.0927762521832807
        ],
        [
          -0.07750340367647325,
          0.9857490908053731,
          0.14930489743449227,
          0.3075480012904417
        ],
        [
          0.0,
          0.0,
          0.0,
          1.0
        ]
      ]
    },
    {
      "file_path": "./images/frame0693.jpg",
      "sharpness": 22.218606465680082,
      "transform_matrix": [
        [
          0.997153935147807,
          0.07532228100536237,
          -0.003253245513814255,
          0.7987177158985317
        ],
        [
          -0.012486216373817962,
          0.12243609471815126,
          -0.9923978522300588,
          -1.1135164047095945
        ],
        [
          -0.07435135521891975,
          0.9896140443108382,
          0.1230281239507367,
          0.30528413409899197
        ],
        [
          0.0,
          0.0,
          0.0,
          1.0
        ]
      ]
    },
    {
      "file_path": "./images/frame0691.jpg",
      "sharpness": 18.052477261633022,
      "transform_matrix": [
        [
          0.9970281694011723,
          0.07630213108034278,
          0.010621403679695643,
          0.6813562617119152
        ],
        [
          0.0003239229593306092,
          0.13371913337596547,
          -0.9910192169898108,
          -1.1413833227519057
        ],
        [
          -0.07703716309318036,
          0.9880775162732464,
          0.1332970267516473,
          0.31577651192652356
        ],
        [
          0.0,
          0.0,
          0.0,
          1.0
        ]
      ]
    },
    {
      "file_path": "./images/frame0694.jpg",
      "sharpness": 19.089688033228732,
      "transform_matrix": [
        [
          0.9971736919407929,
          0.07367757239592453,
          -0.01470521778122275,
          0.85402642182842
        ],
        [
          -0.025017277051412733,
          0.14106111881729552,
          -0.9896847460716698,
          -1.10170402797872
        ],
        [
          -0.07084323505516629,
          0.9872554766051076,
          0.14250564888144587,
          0.3029692047812053
        ],
        [
          0.0,
          0.0,
          0.0,
          1.0
        ]
      ]
    },
    {
      "file_path": "./images/frame0692.jpg",
      "sharpness": 16.7145154665946,
      "transform_matrix": [
        [
          0.9965718418281567,
          0.0823925047397432,
          0.007485936209194352,
          0.7410321961604827
        ],
        [
          -0.002438642318147878,
          0.11969988190041103,
          -0.9928071269368847,
          -1.1284843842828332
        ],
        [
          -0.08269593159195261,
          0.9893853715507813,
          0.11949045762086206,
          0.3128595364713132
        ],
        [
          0.0,
          0.0,
          0.0,
          1.0
        ]
      ]
    },
    {
      "file_path": "./images/frame0688.jpg",
      "sharpness": 25.780767022068055,
      "transform_matrix": [
        [
          0.9972123321719797,
          0.06562673393716542,
          -0.035506286201783824,
          0.5021485675019876
        ],
        [
          -0.042579352187120445,
          0.10972921246319021,
          -0.9930490917872755,
          -1.1389794138566272
        ],
        [
          -0.06127449171085287,
          0.9917926354474984,
          0.11221766768501361,
          0.32135417026588053
        ],
        [
          0.0,
          0.0,
          0.0,
          1.0
        ]
      ]
    },
    {
      "file_path": "./images/frame0689.jpg",
      "sharpness": 21.2548956831865,
      "transform_matrix": [
        [
          0.9982362159016539,
          0.05860589393004376,
          -0.009476627142022555,
          0.564964657109291
        ],
        [
          -0.01661695070073398,
          0.1225780753396544,
          -0.9923197531015068,
          -1.1442927878368128
        ],
        [
          -0.05699415947917344,
          0.99072698794654,
          0.12333572532977241,
          0.3218239603536158
        ],
        [
          0.0,
          0.0,
          0.0,
          1.0
        ]
      ]
    },
    {
      "file_path": "./images/frame0690.jpg",
      "sharpness": 15.456581112535199,
      "transform_matrix": [
        [
          0.9982883834878632,
          0.05809081458290246,
          0.006764662391085638,
          0.6245284730973094
        ],
        [
          -0.0008944724763738785,
          0.1308204441147558,
          -0.9914056744444261,
          -1.145793289005711
        ],
        [
          -0.058476519348876696,
          0.9897027173175003,
          0.13064849031725845,
          0.31858436287544883
        ],
        [
          0.0,
          0.0,
          0.0,
          1.0
        ]
      ]
    },
    {
      "file_path": "./images/frame0687.jpg",
      "sharpness": 20.64328375681712,
      "transform_matrix": [
        [
          0.9956335393745828,
          0.07613135141534434,
          -0.054017336171790074,
          0.4393814413257095
        ],
        [
          -0.06117532593773655,
          0.09506102287698748,
          -0.993589946318899,
          -1.1379598253233878
        ],
        [
          -0.0705084021363767,
          0.9925560030870848,
          0.09930330290049727,
          0.3222927051868203
        ],
        [
          0.0,
          0.0,
          0.0,
          1.0
        ]
      ]
    },
    {
      "file_path": "./images/frame0686.jpg",
      "sharpness": 18.3877455960121,
      "transform_matrix": [
        [
          0.9937020119986457,
          0.0881969835916787,
          -0.06912021005577143,
          0.3810163884284196
        ],
        [
          -0.07863481443097216,
          0.1094101045578568,
          -0.990881423269225,
          -1.1409260080079373
        ],
        [
          -0.07983030322011203,
          0.9900761188458764,
          0.11565639447022769,
          0.32522491869858355
        ],
        [
          0.0,
          0.0,
          0.0,
          1.0
        ]
      ]
    },
    {
      "file_path": "./images/frame0684.jpg",
      "sharpness": 16.393795009417815,
      "transform_matrix": [
        [
          0.9964108912484477,
          0.07485669587312441,
          -0.0395197531294764,
          0.29078998433241265
        ],
        [
          -0.049409329798553774,
          0.13524592918435122,
          -0.9895793332360573,
          -1.1680795653805438
        ],
        [
          -0.06873175345724854,
          0.9879802699067158,
          0.138459136010329,
          0.3210803266950695
        ],
        [
          0.0,
          0.0,
          0.0,
          1.0
        ]
      ]
    },
    {
      "file_path": "./images/frame0685.jpg",
      "sharpness": 13.514899441645827,
      "transform_matrix": [
        [
          0.9947615766070426,
          0.08106060041083425,
          -0.06227828490162045,
          0.33988596739693894
        ],
        [
          -0.07133181439388134,
          0.11406294654703672,
          -0.9909093886326258,
          -1.1507983688336874
        ],
        [
          -0.07322006531351866,
          0.9901610087702836,
          0.11924763624273733,
          0.3218098397980594
        ],
        [
          0.0,
          0.0,
          0.0,
          1.0
        ]
      ]
    },
    {
      "file_path": "./images/frame0683.jpg",
      "sharpness": 15.700477599424776,
      "transform_matrix": [
        [
          0.9979279435080861,
          0.06389953149467431,
          -0.007527910962836458,
          0.2421969635969343
        ],
        [
          -0.015554513157218664,
          0.12606267672587138,
          -0.9919003269770355,
          -1.191388218053455
        ],
        [
          -0.06243297757711759,
          0.9899621464553094,
          0.12679539384154762,
          0.32029716496921556
        ],
        [
          0.0,
          0.0,
          0.0,
          1.0
        ]
      ]
    },
    {
      "file_path": "./images/frame0682.jpg",
      "sharpness": 11.520133950260936,
      "transform_matrix": [
        [
          0.9980715623770955,
          0.060519524842466164,
          0.013803749127213464,
          0.19343361838020204
        ],
        [
          0.006660730839875126,
          0.11667760155773245,
          -0.9931475076540313,
          -1.2199974925243646
        ],
        [
          -0.06171540360236933,
          0.9913242276926949,
          0.11604949181560546,
          0.3230670413626563
        ],
        [
          0.0,
          0.0,
          0.0,
          1.0
        ]
      ]
    },
    {
      "file_path": "./images/frame0681.jpg",
      "sharpness": 14.919859282635155,
      "transform_matrix": [
        [
          0.9980377341973006,
          0.05623408524565877,
          0.027539222535933584,
          0.1426189153039734
        ],
        [
          0.019860922123269138,
          0.13279978022555813,
          -0.9909438743664833,
          -1.2464984602743765
        ],
        [
          -0.05938202500514287,
          0.9895463334435411,
          0.13142233097047823,
          0.3283139509139186
        ],
        [
          0.0,
          0.0,
          0.0,
          1.0
        ]
      ]
    },
    {
      "file_path": "./images/frame0679.jpg",
      "sharpness": 22.00735318227671,
      "transform_matrix": [
        [
          0.9996579972432289,
          0.026131921548462677,
          0.0010055977439969058,
          0.04939201455081082
        ],
        [
          -0.002433956823487444,
          0.13125781710316411,
          -0.9913452785500587,
          -1.2796942923001042
        ],
        [
          -0.026037749611269843,
          0.9910037881503924,
          0.13127653053663085,
          0.3263184377805049
        ],
        [
          0.0,
          0.0,
          0.0,
          1.0
        ]
      ]
    },
    {
      "file_path": "./images/frame0680.jpg",
      "sharpness": 19.62125778172571,
      "transform_matrix": [
        [
          0.9989384949350822,
          0.0408381410551833,
          0.02131031616309631,
          0.09732323050579944
        ],
        [
          0.015219474537195,
          0.14403886831935062,
          -0.9894549873582388,
          -1.2664215258281348
        ],
        [
          -0.04347701616515024,
          0.988729007691874,
          0.1432644352831489,
          0.327867851203164
        ],
        [
          0.0,
          0.0,
          0.0,
          1.0
        ]
      ]
    },
    {
      "file_path": "./images/frame0678.jpg",
      "sharpness": 21.56554942303277,
      "transform_matrix": [
        [
          0.9987538446644193,
          0.04248208159263054,
          -0.02619218422696605,
          -0.003194178877362316
        ],
        [
          -0.03215311782124268,
          0.14633232789062167,
          -0.988712813120415,
          -1.2848678326924694
        ],
        [
          -0.03816981510818869,
          0.9883228837584338,
          0.1475159064541924,
          0.32762420385165514
        ],
        [
          0.0,
          0.0,
          0.0,
          1.0
        ]
      ]
    },
    {
      "file_path": "./images/frame0676.jpg",
      "sharpness": 21.440251138655004,
      "transform_matrix": [
        [
          0.9917771315291891,
          0.07138183656704349,
          -0.10622031249733417,
          -0.10662063884374284
        ],
        [
          -0.11418319853435836,
          0.11872730103050072,
          -0.9863397108311497,
          -1.2888809841755862
        ],
        [
          -0.057795489020709155,
          0.9903577441517124,
          0.12590162846671438,
          0.329272677603187
        ],
        [
          0.0,
          0.0,
          0.0,
          1.0
        ]
      ]
    },
    {
      "file_path": "./images/frame0675.jpg",
      "sharpness": 19.105957742151215,
      "transform_matrix": [
        [
          0.9887634822733042,
          0.06888151291711742,
          -0.13267295618926897,
          -0.15310531027797233
        ],
        [
          -0.13970754268002714,
          0.11003849083185008,
          -0.9840596186480557,
          -1.2968056464716136
        ],
        [
          -0.053184383459852304,
          0.9915376279882893,
          0.11842530828473219,
          0.3302758376551663
        ],
        [
          0.0,
          0.0,
          0.0,
          1.0
        ]
      ]
    },
    {
      "file_path": "./images/frame0674.jpg",
      "sharpness": 17.06819151522359,
      "transform_matrix": [
        [
          0.9868662129438874,
          0.05987190996671052,
          -0.1500347698025674,
          -0.19668056595805644
        ],
        [
          -0.15588417377369895,
          0.10935232650290215,
          -0.9817037195892118,
          -1.3075141967283739
        ],
        [
          -0.04236982557899194,
          0.9921982781119338,
          0.11724919954993651,
          0.3304741983639574
        ],
        [
          0.0,
          0.0,
          0.0,
          1.0
        ]
      ]
    },
    {
      "file_path": "./images/frame0677.jpg",
      "sharpness": 12.753961125703063,
      "transform_matrix": [
        [
          0.9957398694814605,
          0.05948663784247094,
          -0.07045177248461504,
          -0.05486073833884145
        ],
        [
          -0.07748079673245342,
          0.1255766328904449,
          -0.9890537070400184,
          -1.2871052211836018
        ],
        [
          -0.04998838330766125,
          0.9902988686215045,
          0.1296507321392225,
          0.32640296358095205
        ],
        [
          0.0,
          0.0,
          0.0,
          1.0
        ]
      ]
    },
    {
      "file_path": "./images/frame0673.jpg",
      "sharpness": 15.257798725282779,
      "transform_matrix": [
        [
          0.9854854637775485,
          0.04913713124453261,
          -0.16249290144246173,
          -0.2426778356018116
        ],
        [
          -0.1668346642309975,
          0.10340770189696759,
          -0.9805473175728534,
          -1.3202334911325178
        ],
        [
          -0.03137826472231623,
          0.9934245766661881,
          0.11010456385455963,
          0.3279474230535924
        ],
        [
          0.0,
          0.0,
          0.0,
          1.0
        ]
      ]
    },
    {
      "file_path": "./images/frame0671.jpg",
      "sharpness": 17.216838053157566,
      "transform_matrix": [
        [
          0.9822963470642384,
          0.056647857012302225,
          -0.1785634532684342,
          -0.3281751870842039
        ],
        [
          -0.18263625142389717,
          0.07747345310434678,
          -0.980123392094034,
          -1.3450872473381748
        ],
        [
          -0.04168796244681316,
          0.9953837874724331,
          0.08644784223477624,
          0.3351615736284394
        ],
        [
          0.0,
          0.0,
          0.0,
          1.0
        ]
      ]
    },
    {
      "file_path": "./images/frame0670.jpg",
      "sharpness": 13.464466064446029,
      "transform_matrix": [
        [
          0.9750217695693327,
          0.05838396948429266,
          -0.21429853237044244,
          -0.37581889835510157
        ],
        [
          -0.21875496878859743,
          0.08537661093630697,
          -0.9720376010913006,
          -1.3519446675000089
        ],
        [
          -0.038455331217286615,
          0.9946366906641076,
          0.09601583769724135,
          0.3403889768860796
        ],
        [
          0.0,
          0.0,
          0.0,
          1.0
        ]
      ]
    },
    {
      "file_path": "./images/frame0672.jpg",
      "sharpness": 7.242388129559697,
      "transform_matrix": [
        [
          0.9825947668944133,
          0.05632985661908342,
          -0.17701545505398167,
          -0.28963021140183226
        ],
        [
          -0.18157671341442183,
          0.09010778918317616,
          -0.9792397476992735,
          -1.3379073822794612
        ],
        [
          -0.03920996327743929,
          0.9943377361765727,
          0.09876763233981274,
          0.3216078049561864
        ],
        [
          0.0,
          0.0,
          0.0,
          1.0
        ]
      ]
    },
    {
      "file_path": "./images/frame0669.jpg",
      "sharpness": 13.771560668936,
      "transform_matrix": [
        [
          0.961211059443346,
          0.054289313586904704,
          -0.27041813851338514,
          -0.4226595843672606
        ],
        [
          -0.2748103893436509,
          0.10495164407670425,
          -0.9557533166640791,
          -1.3466366387334365
        ],
        [
          -0.023506363294958674,
          0.9929943720076204,
          0.1157999483973067,
          0.3403912993575916
        ],
        [
          0.0,
          0.0,
          0.0,
          1.0
        ]
      ]
    },
    {
      "file_path": "./images/frame0668.jpg",
      "sharpness": 10.974230170104999,
      "transform_matrix": [
        [
          0.9432916256183168,
          0.048086355571491594,
          -0.3284640185000273,
          -0.4659912857437573
        ],
        [
          -0.3314870083113231,
          0.08335160985691424,
          -0.939770648858044,
          -1.3332674266259594
        ],
        [
          -0.017812140854590652,
          0.9953593379001744,
          0.09456487770882066,
          0.3403268209851614
        ],
        [
          0.0,
          0.0,
          0.0,
          1.0
        ]
      ]
    },
    {
      "file_path": "./images/frame0663.jpg",
      "sharpness": 14.901872253408659,
      "transform_matrix": [
        [
          0.7555975950370678,
          0.09814563207559568,
          -0.6476416519045564,
          -0.6680470778010786
        ],
        [
          -0.6540206423930223,
          0.058005978586436704,
          -0.7542494983571737,
          -1.2282454987150597
        ],
        [
          -0.03645920596690555,
          0.9934801162356914,
          0.10801844725583351,
          0.34695794120091056
        ],
        [
          0.0,
          0.0,
          0.0,
          1.0
        ]
      ]
    },
    {
      "file_path": "./images/frame0665.jpg",
      "sharpness": 11.329641697963234,
      "transform_matrix": [
        [
          0.8120951472353454,
          0.09854438467668201,
          -0.5751438742510245,
          -0.592159402790386
        ],
        [
          -0.580020999858575,
          0.028467847396379562,
          -0.8141039377055459,
          -1.2517865532478354
        ],
        [
          -0.06385226356091617,
          0.9947253821614737,
          0.08027641325345335,
          0.34303556495120807
        ],
        [
          0.0,
          0.0,
          0.0,
          1.0
        ]
      ]
    },
    {
      "file_path": "./images/frame0666.jpg",
      "sharpness": 9.483113097751051,
      "transform_matrix": [
        [
          0.8630163002925626,
          0.07431753841416187,
          -0.4996796663027017,
          -0.548424996812316
        ],
        [
          -0.5032406837046189,
          0.0399749201770516,
          -0.8632211883528732,
          -1.274574804750486
        ],
        [
          -0.0441778190507868,
          0.9964330932099126,
          0.07189861655847665,
          0.34605363358767904
        ],
        [
          0.0,
          0.0,
          0.0,
          1.0
        ]
      ]
    },
    {
      "file_path": "./images/frame0662.jpg",
      "sharpness": 10.19908370808174,
      "transform_matrix": [
        [
          0.7342365178495935,
          0.08611631041826741,
          -0.6734097689661395,
          -0.7177148141826071
        ],
        [
          -0.6781855324113483,
          0.047742785998821445,
          -0.733338264386229,
          -1.2272353144297103
        ],
        [
          -0.031001927128211686,
          0.9951404963461141,
          0.0934573327745266,
          0.3454165751183848
        ],
        [
          0.0,
          0.0,
          0.0,
          1.0
        ]
      ]
    },
    {
      "file_path": "./images/frame0664.jpg",
      "sharpness": 11.40920104913181,
      "transform_matrix": [
        [
          0.7837586803491077,
          0.10633689091904606,
          -0.6118944325699305,
          -0.6232662999896226
        ],
        [
          -0.6182758016670311,
          0.040313013690893434,
          -0.7849266806524975,
          -1.2387436890921582
        ],
        [
          -0.05879935418242043,
          0.9935126202317742,
          0.09734120089102298,
          0.3462601959552053
        ],
        [
          0.0,
          0.0,
          0.0,
          1.0
        ]
      ]
    },
    {
      "file_path": "./images/frame0667.jpg",
      "sharpness": 7.416886135283276,
      "transform_matrix": [
        [
          0.9065153592821209,
          0.05992925111860799,
          -0.41789758105180735,
          -0.5111680560272461
        ],
        [
          -0.421178845853013,
          0.06049408098433917,
          -0.9049579249731913,
          -1.310852220179294
        ],
        [
          -0.028953120626185262,
          0.9963678793644414,
          0.08007974637693063,
          0.3286491206121046
        ],
        [
          0.0,
          0.0,
          0.0,
          1.0
        ]
      ]
    },
    {
      "file_path": "./images/frame0661.jpg",
      "sharpness": 11.664271545128425,
      "transform_matrix": [
        [
          0.7039609538825508,
          0.07223632851525545,
          -0.7065556512083012,
          -0.7669968796370914
        ],
        [
          -0.7092486787743416,
          0.01899067012233042,
          -0.7047025373199357,
          -1.2285438291042814
        ],
        [
          -0.03748715869621171,
          0.9972067324752282,
          0.06460221081313881,
          0.3483230236410116
        ],
        [
          0.0,
          0.0,
          0.0,
          1.0
        ]
      ]
    },
    {
      "file_path": "./images/frame0660.jpg",
      "sharpness": 10.888669564499859,
      "transform_matrix": [
        [
          0.664522590403224,
          0.09125416140861067,
          -0.7416754039823492,
          -0.8152991332383468
        ],
        [
          -0.7440600207505307,
          -0.011069186848978502,
          -0.6680210764812898,
          -1.2311656711828902
        ],
        [
          -0.06916944676554973,
          0.995766112664563,
          0.060542848512722666,
          0.36372002120483815
        ],
        [
          0.0,
          0.0,
          0.0,
          1.0
        ]
      ]
    },
    {
      "file_path": "./images/frame0658.jpg",
      "sharpness": 16.373628234630452,
      "transform_matrix": [
        [
          0.5552718695049877,
          0.06605588722352974,
          -0.829041477070074,
          -0.8922605464933941
        ],
        [
          -0.8290868296884881,
          -0.03452361518779945,
          -0.5580529982281763,
          -1.2206577357900326
        ],
        [
          -0.06548419484480512,
          0.997218501513312,
          0.035596073773016344,
          0.374014900694993
        ],
        [
          0.0,
          0.0,
          0.0,
          1.0
        ]
      ]
    },
    {
      "file_path": "./images/frame0659.jpg",
      "sharpness": 14.357335627902648,
      "transform_matrix": [
        [
          0.6027180362515542,
          0.07470538219604182,
          -0.7944495419162849,
          -0.8600623709890279
        ],
        [
          -0.7942670602325969,
          -0.03943387955138602,
          -0.606287725566826,
          -1.2268865266608744
        ],
        [
          -0.07662118380481919,
          0.9964256495180396,
          0.03556851385541099,
          0.36972553966557126
        ],
        [
          0.0,
          0.0,
          0.0,
          1.0
        ]
      ]
    },
    {
      "file_path": "./images/frame0657.jpg",
      "sharpness": 14.618276211665355,
      "transform_matrix": [
        [
          0.4886896848706965,
          0.06097223889388667,
          -0.8703245245241729,
          -0.937660031784893
        ],
        [
          -0.8704993450306211,
          -0.032724607529078534,
          -0.4910804316640272,
          -1.208988104276831
        ],
        [
          -0.05842330188351748,
          0.9976028699584387,
          0.037084115881276254,
          0.3716432708784741
        ],
        [
          0.0,
          0.0,
          0.0,
          1.0
        ]
      ]
    },
    {
      "file_path": "./images/frame0656.jpg",
      "sharpness": 15.938994584762842,
      "transform_matrix": [
        [
          0.42317417363543525,
          0.043870167327785356,
          -0.9049856502672182,
          -0.9865626499705229
        ],
        [
          -0.9033564179137905,
          -0.05650879575334201,
          -0.4251516649578966,
          -1.1955392250811097
        ],
        [
          -0.06979112395204509,
          0.9974377997770647,
          0.015717334264452657,
          0.370815427779979
        ],
        [
          0.0,
          0.0,
          0.0,
          1.0
        ]
      ]
    },
    {
      "file_path": "./images/frame0648.jpg",
      "sharpness": 28.5074743280414,
      "transform_matrix": [
        [
          0.14174318732286897,
          0.11793838992175082,
          -0.9828526873510602,
          -1.4454809296437128
        ],
        [
          -0.9835166045360333,
          -0.09582610872216234,
          -0.15333768450410437,
          -1.1587809523123669
        ],
        [
          -0.11226734810071558,
          0.9883865099609506,
          0.10241166672125998,
          0.3788117259459021
        ],
        [
          0.0,
          0.0,
          0.0,
          1.0
        ]
      ]
    },
    {
      "file_path": "./images/frame0647.jpg",
      "sharpness": 26.21886670232696,
      "transform_matrix": [
        [
          0.1412171976792128,
          0.09507438840052865,
          -0.9854027419044845,
          -1.514810697762861
        ],
        [
          -0.9845688055921226,
          -0.09042934910396933,
          -0.1498225613034715,
          -1.1527358300956616
        ],
        [
          -0.10335361694021755,
          0.9913543228805004,
          0.08083709776149228,
          0.38003864206082244
        ],
        [
          0.0,
          0.0,
          0.0,
          1.0
        ]
      ]
    },
    {
      "file_path": "./images/frame0654.jpg",
      "sharpness": 17.193892655693343,
      "transform_matrix": [
        [
          0.2581472496091298,
          0.06021646661782908,
          -0.9642271385261288,
          -1.0866769425924376
        ],
        [
          -0.9594358464853298,
          -0.10109513269308334,
          -0.26317794479162887,
          -1.1721391280976377
        ],
        [
          -0.11332631644266505,
          0.993052743461687,
          0.031676406168242965,
          0.37649466034276075
        ],
        [
          0.0,
          0.0,
          0.0,
          1.0
        ]
      ]
    },
    {
      "file_path": "./images/frame0655.jpg",
      "sharpness": 17.662312172537224,
      "transform_matrix": [
        [
          0.3385934712519573,
          0.05184506232861178,
          -0.9395033532354601,
          -1.0362323301460241
        ],
        [
          -0.9360914841440845,
          -0.08259663950607855,
          -0.3419218162902568,
          -1.1811952504593906
        ],
        [
          -0.09532677765902177,
          0.9952335829630181,
          0.020565038456623035,
          0.3705553394911427
        ],
        [
          0.0,
          0.0,
          0.0,
          1.0
        ]
      ]
    },
    {
      "file_path": "./images/frame0651.jpg",
      "sharpness": 24.351129813081933,
      "transform_matrix": [
        [
          0.14815166755028633,
          -0.0567580853698564,
          -0.9873345953374666,
          -1.2626301906857893
        ],
        [
          -0.9827699952266807,
          -0.12001635737101671,
          -0.14056745870058981,
          -1.1638705672724665
        ],
        [
          -0.11051796181763772,
          0.9911481189567375,
          -0.07356076676583659,
          0.37626751048721224
        ],
        [
          0.0,
          0.0,
          0.0,
          1.0
        ]
      ]
    },
    {
      "file_path": "./images/frame0653.jpg",
      "sharpness": 14.158153415540582,
      "transform_matrix": [
        [
          0.18515350083566534,
          0.04887564904878181,
          -0.981493429453982,
          -1.137591705496609
        ],
        [
          -0.9745818594479753,
          -0.1190562107267842,
          -0.18977833891755538,
          -1.1687714030757834
        ],
        [
          -0.12612842805402263,
          0.991683815346595,
          0.02558964671939563,
          0.3809665782479145
        ],
        [
          0.0,
          0.0,
          0.0,
          1.0
        ]
      ]
    },
    {
      "file_path": "./images/frame0652.jpg",
      "sharpness": 16.410600204484084,
      "transform_matrix": [
        [
          0.14437390789230956,
          -0.008458554693307448,
          -0.9894870527578338,
          -1.197812396096371
        ],
        [
          -0.9812125226810624,
          -0.1305512062390554,
          -0.14205058212972133,
          -1.1654168695195715
        ],
        [
          -0.12797718567730268,
          0.9914054848572095,
          -0.027147827613643278,
          0.38262333576223173
        ],
        [
          0.0,
          0.0,
          0.0,
          1.0
        ]
      ]
    },
    {
      "file_path": "./images/frame0649.jpg",
      "sharpness": 16.64601815130968,
      "transform_matrix": [
        [
          0.137645226667452,
          0.0882297233631938,
          -0.9865441234399511,
          -1.379522955037113
        ],
        [
          -0.9830734785434522,
          -0.10942182538242778,
          -0.1469469289044646,
          -1.1631434981514024
        ],
        [
          -0.12091454569341843,
          0.990071906503855,
          0.07167490910045078,
          0.3734270484834588
        ],
        [
          0.0,
          0.0,
          0.0,
          1.0
        ]
      ]
    },
    {
      "file_path": "./images/frame0646.jpg",
      "sharpness": 23.11652753658067,
      "transform_matrix": [
        [
          0.132322931295569,
          0.07974060900075612,
          -0.9879939661417564,
          -1.5913581690469607
        ],
        [
          -0.9819647378266633,
          -0.12525089976041526,
          -0.14162438269669297,
          -1.1443735049874175
        ],
        [
          -0.1350403477427067,
          0.9889153893980669,
          0.06172890000786025,
          0.37536576617063894
        ],
        [
          0.0,
          0.0,
          0.0,
          1.0
        ]
      ]
    },
    {
      "file_path": "./images/frame0650.jpg",
      "sharpness": 14.268862850880254,
      "transform_matrix": [
        [
          0.13746886835804395,
          0.022242064410267968,
          -0.9902563308588893,
          -1.331176530933471
        ],
        [
          -0.9834112338966273,
          -0.11638064356654175,
          -0.13913263761228314,
          -1.163443520296972
        ],
        [
          -0.1183412661685427,
          0.9929556064481174,
          0.0058743806362364735,
          0.37056177436687154
        ],
        [
          0.0,
          0.0,
          0.0,
          1.0
        ]
      ]
    },
    {
      "file_path": "./images/frame0644.jpg",
      "sharpness": 26.80417174397966,
      "transform_matrix": [
        [
          0.07560935656669296,
          0.10764451223640183,
          -0.9913101856573144,
          -1.726123098613331
        ],
        [
          -0.9881570665301443,
          -0.12503662656353787,
          -0.08894635396771695,
          -1.1291457611280666
        ],
        [
          -0.13352466838072624,
          0.986295341673037,
          0.09691574655785203,
          0.37526628689941033
        ],
        [
          0.0,
          0.0,
          0.0,
          1.0
        ]
      ]
    },
    {
      "file_path": "./images/frame0645.jpg",
      "sharpness": 15.212360277929713,
      "transform_matrix": [
        [
          0.11442280806339801,
          0.08046457642447957,
          -0.9901681033737134,
          -1.6505570171889703
        ],
        [
          -0.9839089628655204,
          -0.12849890962197977,
          -0.1241417859500081,
          -1.1363398866481895
        ],
        [
          -0.1372245378490318,
          0.9884399233993556,
          0.06446661186519138,
          0.369855611407242
        ],
        [
          0.0,
          0.0,
          0.0,
          1.0
        ]
      ]
    },
    {
      "file_path": "./images/frame0639.jpg",
      "sharpness": 31.68899687038502,
      "transform_matrix": [
        [
          0.10160542749617181,
          0.1407315931693232,
          -0.9848202657288921,
          -2.1180191498294545
        ],
        [
          -0.9911274573572888,
          -0.0709490430624565,
          -0.11239482444043977,
          -1.1536125081139026
        ],
        [
          -0.08568955814946852,
          0.9875023301114345,
          0.1322741382569465,
          0.3864875361140173
        ],
        [
          0.0,
          0.0,
          0.0,
          1.0
        ]
      ]
    },
    {
      "file_path": "./images/frame0643.jpg",
      "sharpness": 26.231204958655276,
      "transform_matrix": [
        [
          0.05790174394446041,
          0.09036033557766929,
          -0.9942245208228684,
          -1.8011767972758177
        ],
        [
          -0.992146516154831,
          -0.10539442664572538,
          -0.06735952281489474,
          -1.1263586178269132
        ],
        [
          -0.11087235241515284,
          0.9903166284523647,
          0.08354817103715197,
          0.3824364065329959
        ],
        [
          0.0,
          0.0,
          0.0,
          1.0
        ]
      ]
    },
    {
      "file_path": "./images/frame0638.jpg",
      "sharpness": 27.73641203524312,
      "transform_matrix": [
        [
          0.08743885521525945,
          0.14871243136704862,
          -0.985007136704363,
          -2.1912048041389323
        ],
        [
          -0.9928337493385617,
          -0.06784650584945219,
          -0.09837681545137755,
          -1.159297510552788
        ],
        [
